user_id,arm,sessions_pre,sessions_post
6253,treatment,11,14
4685,control,9,4
1732,control,7,8
4743,control,14,9
4522,control,10,14
6341,treatment,5,8
577,control,23,17
5203,treatment,10,9
6364,treatment,10,15
440,control,11,7
2751,control,13,16
7488,treatment,13,16
5273,treatment,6,8
5654,treatment,11,9
4000,control,5,2
6034,treatment,10,15
583,control,10,3
9931,treatment,1,4
7052,treatment,26,19
8159,treatment,14,6
9897,treatment,9,16
2250,control,12,15
4641,control,19,13
9486,treatment,12,12
4948,control,9,13
9921,treatment,19,19
1964,control,10,6
8244,treatment,12,19
6591,treatment,14,9
8848,treatment,0,1
322,control,8,6
2679,control,2,0
4626,control,16,12
4950,control,19,11
8329,treatment,7,3
3338,control,13,10
5590,treatment,5,5
252,control,13,10
3974,control,18,17
6631,treatment,14,13
5548,treatment,14,15
36,control,12,9
8363,treatment,17,20
1514,control,2,4
9318,treatment,10,5
40,control,14,19
4820,control,3,4
3466,control,15,12
1761,control,9,8
2305,control,8,17
3724,control,12,11
8285,treatment,15,14
4994,control,7,10
8128,treatment,10,16
3033,control,6,5
7939,treatment,4,15
3040,control,8,3
9656,treatment,2,2
2546,control,5,8
2593,control,12,14
1189,control,18,15
7967,treatment,9,12
6078,treatment,8,8
108,control,5,11
1316,control,17,15
8188,treatment,13,5
2754,control,9,10
9754,treatment,12,17
6232,treatment,13,17
2877,control,3,5
5324,treatment,5,10
800,control,12,12
3571,control,17,10
2895,control,13,2
2928,control,8,10
8179,treatment,6,9
972,control,8,7
6688,treatment,6,5
8576,treatment,13,13
2021,control,5,10
9055,treatment,8,13
953,control,9,9
5360,treatment,12,6
3858,control,8,11
5862,treatment,16,17
3146,control,16,10
3306,control,14,10
3007,control,3,6
9002,treatment,4,7
7771,treatment,10,15
7439,treatment,5,5
7943,treatment,13,11
9239,treatment,13,8
1057,control,11,8
3155,control,11,8
3788,control,9,9
9190,treatment,13,9
7826,treatment,6,12
7540,treatment,13,15
7232,treatment,18,13
765,control,16,19
5020,treatment,13,11
4904,control,10,9
8094,treatment,14,10
6844,treatment,12,13
2166,control,14,14
1863,control,20,11
7851,treatment,13,12
9124,treatment,11,10
2341,control,6,19
5528,treatment,8,9
6744,treatment,13,26
4004,control,16,22
1124,control,4,9
8710,treatment,4,4
4050,control,10,10
7641,treatment,5,11
766,control,2,2
2345,control,11,19
4072,control,5,13
7217,treatment,5,2
4217,control,15,16
7953,treatment,13,12
5971,treatment,15,17
3351,control,6,6
4696,control,13,8
3400,control,7,6
4082,control,16,8
9150,treatment,19,17
1225,control,6,5
6293,treatment,9,13
3123,control,13,18
511,control,5,2
5795,treatment,8,7
8182,treatment,3,1
9418,treatment,7,17
97,control,5,4
6682,treatment,2,6
1513,control,10,14
8792,treatment,15,16
120,control,5,9
7792,treatment,4,8
6518,treatment,7,6
34,control,6,8
7888,treatment,9,5
6831,treatment,10,7
5422,treatment,4,9
1069,control,22,19
1348,control,10,10
4748,control,6,5
6006,treatment,12,9
6040,treatment,10,17
3818,control,9,9
8447,treatment,17,19
5270,treatment,8,7
6898,treatment,3,4
5310,treatment,19,14
32,control,5,13
5675,treatment,12,7
4387,control,5,9
30,control,8,10
4203,control,8,12
7508,treatment,8,7
736,control,10,12
2068,control,15,7
107,control,6,8
9645,treatment,16,5
8895,treatment,7,7
8021,treatment,17,17
2233,control,6,5
994,control,19,14
9413,treatment,5,10
7059,treatment,16,17
6790,treatment,10,13
361,control,4,7
305,control,13,13
2628,control,15,21
8966,treatment,14,16
4514,control,8,9
5911,treatment,14,24
8314,treatment,7,6
3101,control,14,6
5704,treatment,6,10
3899,control,8,10
5441,treatment,10,13
7931,treatment,10,9
622,control,8,10
7236,treatment,10,18
2499,control,13,8
714,control,9,6
8404,treatment,8,10
2856,control,17,19
4270,control,6,4
2909,control,3,8
8081,treatment,5,5
4517,control,12,17
1262,control,9,9
3161,control,11,9
971,control,7,12
3913,control,7,7
5199,treatment,6,8
8847,treatment,10,8
260,control,4,7
3791,control,8,10
9203,treatment,12,14
488,control,15,8
7908,treatment,5,10
519,control,13,14
8343,treatment,5,7
312,control,19,9
3232,control,17,14
7933,treatment,11,15
7458,treatment,11,7
9784,treatment,6,7
5184,treatment,15,29
8077,treatment,10,11
6502,treatment,21,22
6791,treatment,19,21
7773,treatment,14,8
2738,control,12,9
7842,treatment,0,0
6262,treatment,13,9
8206,treatment,8,14
1248,control,4,2
9336,treatment,1,4
4195,control,16,14
8001,treatment,14,12
7378,treatment,1,6
3435,control,1,4
5382,treatment,7,6
959,control,12,7
417,control,11,10
5742,treatment,11,14
6728,treatment,8,6
4382,control,9,11
5197,treatment,18,8
1113,control,8,2
2689,control,17,26
6473,treatment,9,6
8820,treatment,3,2
7808,treatment,13,18
3411,control,2,2
81,control,5,8
4614,control,4,10
1374,control,1,2
1510,control,10,19
6443,treatment,19,12
3071,control,13,17
3016,control,8,11
4823,control,12,15
7822,treatment,6,14
93,control,8,4
9421,treatment,9,10
6600,treatment,15,19
4443,control,10,7
7602,treatment,1,5
3835,control,12,15
9702,treatment,15,21
4322,control,12,7
3394,control,10,7
4752,control,8,7
7229,treatment,6,7
9191,treatment,11,11
2361,control,13,18
1148,control,4,5
5666,treatment,7,5
8075,treatment,13,17
4943,control,10,13
3663,control,6,10
1563,control,4,8
4113,control,9,11
9050,treatment,10,7
9276,treatment,17,18
8538,treatment,13,19
795,control,3,3
5854,treatment,4,5
7619,treatment,8,12
1594,control,4,8
7418,treatment,9,8
5267,treatment,6,5
7147,treatment,17,28
89,control,15,9
8695,treatment,18,8
9732,treatment,12,19
9446,treatment,15,15
6754,treatment,8,18
3502,control,17,11
2234,control,6,16
2803,control,16,16
4424,control,9,9
5663,treatment,9,3
7170,treatment,8,26
8337,treatment,10,18
2148,control,16,16
7969,treatment,5,2
6551,treatment,11,7
7643,treatment,2,9
6164,treatment,4,11
1495,control,10,8
7696,treatment,7,19
7094,treatment,8,11
1409,control,10,5
6691,treatment,9,11
3401,control,12,15
109,control,17,11
5636,treatment,1,1
8482,treatment,11,10
6604,treatment,11,14
1091,control,9,6
5560,treatment,6,3
9412,treatment,12,11
8143,treatment,8,12
8664,treatment,10,14
6596,treatment,11,2
624,control,8,8
6871,treatment,4,9
4814,control,10,12
6553,treatment,10,10
7530,treatment,13,27
5796,treatment,11,12
7437,treatment,17,17
4218,control,12,11
5941,treatment,3,3
8501,treatment,11,11
6429,treatment,15,14
6827,treatment,0,2
4131,control,11,18
7802,treatment,18,12
7754,treatment,8,14
4722,control,4,13
1651,control,7,13
4141,control,8,8
1618,control,4,5
2030,control,5,7
8518,treatment,12,10
4576,control,13,11
3993,control,7,6
7377,treatment,4,3
6150,treatment,13,16
4909,control,7,6
5027,treatment,10,11
8261,treatment,1,6
4732,control,9,14
7549,treatment,13,10
8135,treatment,12,6
1607,control,6,10
4774,control,7,16
8110,treatment,6,9
6952,treatment,17,25
6005,treatment,0,1
7729,treatment,16,12
3542,control,13,17
389,control,11,7
1795,control,2,5
8732,treatment,11,12
4920,control,14,10
5538,treatment,0,3
3873,control,7,5
8869,treatment,7,11
2255,control,12,10
3413,control,10,11
5460,treatment,21,23
4956,control,23,16
7397,treatment,8,17
5415,treatment,19,20
7400,treatment,7,12
7415,treatment,6,1
9101,treatment,25,15
4852,control,13,10
2026,control,2,5
2616,control,7,8
7389,treatment,1,7
2927,control,14,9
1122,control,8,8
2911,control,8,7
8147,treatment,8,10
7384,treatment,7,9
3483,control,18,11
796,control,9,8
1576,control,6,6
6177,treatment,11,6
6267,treatment,12,19
2459,control,2,4
3313,control,7,8
1254,control,7,18
6835,treatment,9,14
8795,treatment,7,14
3838,control,12,7
4399,control,8,11
3596,control,23,20
6622,treatment,8,10
8383,treatment,11,10
2125,control,11,8
3239,control,16,11
5404,treatment,12,12
5999,treatment,11,11
5939,treatment,5,9
2046,control,10,4
1579,control,0,0
15,control,13,13
2674,control,14,13
7017,treatment,11,20
8721,treatment,3,10
8850,treatment,22,18
4813,control,10,4
1085,control,9,16
4984,control,17,17
7156,treatment,14,11
2885,control,11,11
334,control,2,6
7205,treatment,8,3
4368,control,6,5
3080,control,18,12
7204,treatment,12,5
9910,treatment,12,8
8865,treatment,12,22
264,control,8,10
4338,control,15,8
8896,treatment,17,23
8448,treatment,9,14
5904,treatment,12,8
1499,control,17,10
4191,control,14,7
7486,treatment,12,12
9644,treatment,8,8
8311,treatment,3,5
7591,treatment,8,7
501,control,23,19
9156,treatment,14,13
9415,treatment,25,17
3096,control,5,1
4632,control,4,7
368,control,6,7
4059,control,11,21
8175,treatment,12,8
4631,control,3,4
6071,treatment,3,7
2665,control,12,11
1027,control,1,0
5909,treatment,17,16
5051,treatment,18,10
6329,treatment,21,13
9734,treatment,11,12
1692,control,3,5
674,control,5,7
5573,treatment,3,8
5767,treatment,8,12
5157,treatment,4,19
734,control,11,10
3527,control,18,10
569,control,14,6
9188,treatment,8,17
2923,control,6,9
7912,treatment,11,7
1559,control,12,13
102,control,17,12
3008,control,16,20
7202,treatment,10,12
304,control,18,10
77,control,11,4
6755,treatment,11,11
8630,treatment,14,20
1209,control,19,24
7743,treatment,1,2
8215,treatment,7,5
8945,treatment,8,11
8414,treatment,10,2
1776,control,11,13
3474,control,17,12
484,control,13,13
2190,control,9,9
347,control,9,5
5482,treatment,10,8
8362,treatment,8,10
1473,control,11,6
5101,treatment,11,10
6766,treatment,8,13
8707,treatment,7,10
4930,control,11,7
6330,treatment,10,15
2610,control,1,2
4,control,12,19
2214,control,16,13
4828,control,8,11
857,control,15,12
6978,treatment,7,8
5886,treatment,14,14
625,control,16,11
291,control,14,7
2019,control,5,15
669,control,11,5
8922,treatment,10,20
8265,treatment,12,13
9697,treatment,11,8
1632,control,4,4
5171,treatment,9,18
7206,treatment,9,6
2523,control,11,7
2216,control,6,10
6969,treatment,16,16
6497,treatment,8,12
6214,treatment,6,7
7033,treatment,6,5
7421,treatment,17,12
1108,control,4,5
451,control,10,6
6290,treatment,5,6
9967,treatment,11,17
136,control,11,5
1786,control,18,18
3405,control,1,1
2907,control,11,15
8305,treatment,4,4
7493,treatment,8,4
6101,treatment,10,12
4505,control,6,10
5054,treatment,9,11
5206,treatment,10,11
4081,control,17,18
6919,treatment,8,12
6803,treatment,9,8
5207,treatment,5,4
533,control,8,6
4831,control,5,6
4039,control,9,6
4085,control,14,16
3205,control,10,12
7111,treatment,5,5
331,control,16,15
4958,control,2,4
3034,control,13,13
7685,treatment,12,8
1598,control,4,15
9920,treatment,19,22
3598,control,8,6
9039,treatment,8,6
8002,treatment,20,17
591,control,3,5
648,control,2,4
9103,treatment,3,10
8016,treatment,10,14
3772,control,4,2
9040,treatment,8,9
5083,treatment,14,7
7883,treatment,9,15
9363,treatment,28,17
4211,control,11,11
8835,treatment,13,6
8700,treatment,8,7
1796,control,9,9
2587,control,12,12
8356,treatment,0,1
2317,control,14,23
4186,control,9,12
8828,treatment,10,17
7073,treatment,11,16
5235,treatment,9,6
8744,treatment,4,5
8671,treatment,14,7
4769,control,3,7
9973,treatment,5,14
7145,treatment,7,11
2914,control,0,2
9872,treatment,12,13
9894,treatment,11,8
2076,control,7,6
4303,control,8,4
5823,treatment,14,13
2150,control,7,15
145,control,8,5
4964,control,8,7
8160,treatment,10,11
9031,treatment,12,14
4776,control,16,17
8934,treatment,5,10
7750,treatment,6,8
9829,treatment,2,5
9215,treatment,4,9
6061,treatment,5,8
9476,treatment,7,7
6410,treatment,9,8
3318,control,5,8
7465,treatment,10,12
3062,control,7,12
1356,control,11,17
4515,control,6,14
5506,treatment,3,4
5251,treatment,16,12
4512,control,4,13
1731,control,9,12
1759,control,4,1
6651,treatment,10,19
6647,treatment,10,2
9861,treatment,10,13
4140,control,19,9
9394,treatment,14,12
5124,treatment,6,9
1,control,14,8
1865,control,13,12
544,control,12,11
350,control,16,19
6907,treatment,6,8
9766,treatment,5,4
2524,control,1,0
3465,control,21,11
458,control,6,5
3024,control,8,3
7262,treatment,13,20
9516,treatment,0,0
7873,treatment,2,9
6626,treatment,12,9
2535,control,7,12
132,control,8,6
3705,control,19,16
1373,control,10,13
6201,treatment,18,22
4857,control,7,4
4713,control,15,18
5545,treatment,16,10
1414,control,10,15
4114,control,10,20
656,control,7,5
8138,treatment,12,9
4099,control,9,15
593,control,20,12
8709,treatment,8,6
3124,control,17,13
3048,control,13,14
3888,control,11,8
5736,treatment,6,3
2185,control,3,3
2146,control,8,8
7048,treatment,11,11
3106,control,10,11
9234,treatment,1,4
9097,treatment,10,13
2770,control,9,18
5222,treatment,1,6
5834,treatment,6,9
1733,control,17,5
266,control,23,10
5145,treatment,4,3
8268,treatment,5,3
3938,control,7,12
762,control,7,14
7221,treatment,13,11
8440,treatment,13,8
3258,control,12,19
4339,control,7,12
4363,control,8,9
317,control,16,9
8070,treatment,16,14
1852,control,13,7
2485,control,11,12
9874,treatment,8,10
9575,treatment,12,13
1079,control,6,7
8359,treatment,21,11
7334,treatment,14,20
1072,control,9,9
104,control,11,9
5749,treatment,4,17
1419,control,11,10
1659,control,10,12
5285,treatment,8,7
1150,control,10,16
7151,treatment,8,13
1569,control,13,11
1088,control,3,4
6086,treatment,2,7
8675,treatment,13,7
8342,treatment,11,16
7812,treatment,5,6
6085,treatment,6,6
8774,treatment,5,5
8758,treatment,17,15
1693,control,4,8
4735,control,5,7
3388,control,6,5
3647,control,18,27
1684,control,15,16
9,control,11,13
6063,treatment,11,11
6517,treatment,9,3
4124,control,5,16
8730,treatment,4,4
6046,treatment,10,11
568,control,6,6
9162,treatment,13,13
1804,control,7,11
8502,treatment,6,10
4901,control,2,2
1600,control,4,5
7932,treatment,3,2
9548,treatment,7,4
2824,control,3,5
5468,treatment,18,19
3530,control,10,9
8684,treatment,12,13
1156,control,10,8
6548,treatment,14,14
9089,treatment,2,5
7621,treatment,12,11
8297,treatment,6,10
4541,control,14,18
9135,treatment,9,7
6483,treatment,10,8
5827,treatment,10,12
1191,control,13,20
7445,treatment,7,14
8521,treatment,5,12
961,control,12,24
7455,treatment,9,4
37,control,11,14
7517,treatment,13,18
7645,treatment,11,11
4439,control,2,8
6162,treatment,13,8
7745,treatment,0,1
9588,treatment,13,9
8120,treatment,19,17
6968,treatment,2,9
5719,treatment,14,20
578,control,10,12
9834,treatment,9,14
4103,control,2,5
7647,treatment,1,4
4152,control,13,11
3131,control,13,11
4891,control,9,12
9976,treatment,12,7
7472,treatment,17,6
1834,control,11,13
9149,treatment,13,14
4892,control,2,5
2288,control,15,16
1331,control,3,3
2772,control,10,8
3687,control,3,4
8284,treatment,10,12
5929,treatment,8,11
638,control,3,3
48,control,6,13
2603,control,9,9
1966,control,15,13
2169,control,6,5
5050,treatment,20,16
3335,control,10,5
3020,control,2,0
8765,treatment,13,9
9177,treatment,10,6
1361,control,4,7
5799,treatment,2,10
9401,treatment,3,10
3252,control,5,11
6301,treatment,17,17
2252,control,6,12
6028,treatment,9,11
1176,control,1,6
8800,treatment,7,9
3280,control,15,4
2974,control,13,7
3397,control,3,6
6940,treatment,11,9
966,control,5,6
8575,treatment,3,4
743,control,7,7
7515,treatment,10,23
3315,control,8,8
4899,control,10,7
9341,treatment,6,5
4673,control,16,11
8619,treatment,5,11
1218,control,0,1
4398,control,9,10
6081,treatment,12,7
2615,control,1,0
2621,control,6,12
8715,treatment,6,11
7283,treatment,13,11
3380,control,10,6
7302,treatment,8,10
9858,treatment,10,16
5606,treatment,2,0
9814,treatment,12,13
5787,treatment,8,14
8519,treatment,5,15
6851,treatment,13,16
1517,control,8,6
5099,treatment,4,4
7637,treatment,22,20
9086,treatment,13,5
8024,treatment,10,10
2393,control,5,1
587,control,12,6
3520,control,15,11
7654,treatment,12,8
8947,treatment,0,6
851,control,6,4
336,control,8,7
6635,treatment,7,12
8973,treatment,12,13
7494,treatment,1,6
2869,control,11,15
4873,control,5,3
3551,control,4,10
3843,control,15,14
7263,treatment,11,16
5825,treatment,6,2
24,control,7,14
1454,control,9,3
1685,control,12,8
2311,control,16,13
9064,treatment,16,12
9407,treatment,8,11
382,control,16,13
5815,treatment,12,13
5551,treatment,16,11
9309,treatment,10,4
1619,control,12,13
790,control,10,11
5984,treatment,19,11
8673,treatment,17,14
4476,control,5,13
5607,treatment,6,12
9313,treatment,4,10
5649,treatment,2,11
6217,treatment,10,8
2287,control,13,10
9994,treatment,11,15
7579,treatment,13,18
1184,control,11,14
6002,treatment,11,14
5091,treatment,10,8
2517,control,12,8
4123,control,4,3
5522,treatment,11,10
5628,treatment,0,0
8361,treatment,8,12
5873,treatment,11,16
8613,treatment,13,7
7728,treatment,20,14
5969,treatment,9,18
1181,control,4,6
8763,treatment,9,10
8236,treatment,13,6
2819,control,12,10
9965,treatment,9,8
8704,treatment,14,9
6609,treatment,11,17
2821,control,2,2
7536,treatment,13,10
2261,control,0,1
2240,control,5,14
6022,treatment,3,4
783,control,18,18
933,control,19,15
6203,treatment,5,16
2413,control,4,2
6998,treatment,13,4
9116,treatment,8,7
1157,control,17,9
8108,treatment,18,11
5806,treatment,9,12
4880,control,7,6
3310,control,7,13
8962,treatment,20,13
1703,control,13,12
2493,control,16,18
3707,control,9,16
8277,treatment,7,4
287,control,6,7
1609,control,12,14
6632,treatment,9,11
8279,treatment,14,16
7316,treatment,16,18
2253,control,11,18
7416,treatment,4,6
8366,treatment,10,5
1892,control,4,5
5063,treatment,7,6
6121,treatment,22,26
564,control,7,8
292,control,14,9
4717,control,16,21
7709,treatment,7,10
6350,treatment,7,16
170,control,8,8
268,control,11,11
4639,control,6,9
7078,treatment,10,6
3356,control,0,0
8280,treatment,12,10
316,control,5,15
6729,treatment,17,17
9496,treatment,11,8
4068,control,7,6
246,control,5,10
253,control,16,16
1112,control,10,11
4802,control,15,8
1714,control,10,6
51,control,9,11
1836,control,12,7
7897,treatment,2,8
3384,control,6,4
6411,treatment,15,18
4314,control,8,16
873,control,12,9
1255,control,5,8
8882,treatment,15,6
5852,treatment,21,17
5703,treatment,12,14
8104,treatment,20,11
2099,control,2,1
5129,treatment,15,9
249,control,26,22
6562,treatment,3,8
1340,control,13,8
7018,treatment,11,9
2111,control,12,10
1570,control,4,7
1727,control,3,7
8385,treatment,8,9
6941,treatment,8,7
4396,control,13,15
2421,control,0,3
3046,control,6,11
5504,treatment,9,8
3704,control,3,3
8192,treatment,18,18
5332,treatment,10,12
9809,treatment,8,13
448,control,10,11
7895,treatment,15,15
8729,treatment,11,16
7829,treatment,10,19
1769,control,2,6
6809,treatment,16,14
4705,control,9,16
3870,control,12,17
1656,control,4,3
3188,control,9,7
684,control,9,9
4171,control,19,13
4478,control,7,7
462,control,6,6
5765,treatment,7,10
7523,treatment,11,6
4503,control,4,6
9710,treatment,7,11
319,control,13,15
1146,control,13,11
5095,treatment,16,17
1394,control,12,13
6624,treatment,11,6
1502,control,9,4
6409,treatment,4,5
377,control,5,12
411,control,6,5
1661,control,14,20
3152,control,6,5
1624,control,17,12
5610,treatment,13,13
8533,treatment,15,11
5803,treatment,11,11
5307,treatment,11,9
7087,treatment,7,13
8898,treatment,12,19
7489,treatment,13,8
9616,treatment,18,20
9218,treatment,20,16
1673,control,10,11
2359,control,25,15
8468,treatment,3,7
275,control,25,14
2474,control,10,10
5490,treatment,6,9
4772,control,0,0
2108,control,3,6
7501,treatment,16,18
4415,control,10,5
8139,treatment,15,13
8661,treatment,7,8
8240,treatment,8,9
2418,control,4,4
8772,treatment,12,12
2237,control,9,10
3768,control,6,19
9792,treatment,13,17
9990,treatment,9,19
9966,treatment,5,6
7324,treatment,10,16
1384,control,10,16
3102,control,18,11
3922,control,8,14
6686,treatment,0,1
3195,control,7,7
1942,control,8,7
7714,treatment,4,5
4897,control,17,10
4783,control,7,5
1497,control,6,12
1958,control,6,14
9172,treatment,7,10
9746,treatment,17,15
7333,treatment,7,7
7950,treatment,10,14
3018,control,8,24
6747,treatment,9,8
514,control,7,11
3935,control,21,8
3026,control,8,9
1200,control,7,3
5029,treatment,14,10
9785,treatment,10,16
922,control,8,8
4650,control,11,5
5333,treatment,9,13
1077,control,18,18
6769,treatment,12,13
9411,treatment,8,9
1672,control,3,4
475,control,15,10
9187,treatment,21,20
8840,treatment,10,12
5759,treatment,10,10
6298,treatment,4,11
2479,control,12,13
5494,treatment,13,14
3915,control,1,1
2139,control,12,11
5455,treatment,5,6
5380,treatment,17,15
8986,treatment,18,18
4024,control,4,7
3486,control,15,16
2456,control,12,14
2465,control,5,10
8697,treatment,16,11
1370,control,17,7
6689,treatment,18,15
7457,treatment,22,15
9975,treatment,14,11
1902,control,20,15
4872,control,16,10
4711,control,14,15
7887,treatment,14,13
1794,control,7,14
2875,control,15,11
6218,treatment,9,8
5214,treatment,5,10
2246,control,9,9
1742,control,19,12
1021,control,13,6
706,control,0,5
4295,control,7,14
5577,treatment,6,8
7167,treatment,15,15
8178,treatment,2,9
909,control,10,7
5194,treatment,8,15
3078,control,4,3
9367,treatment,12,14
595,control,2,6
5305,treatment,17,19
441,control,16,15
7607,treatment,12,10
4093,control,6,4
6135,treatment,19,14
11,control,11,19
3777,control,9,9
9000,treatment,13,14
3709,control,5,11
3781,control,12,20
94,control,11,9
9240,treatment,10,11
3950,control,10,10
5786,treatment,16,19
4871,control,3,4
4803,control,8,13
4868,control,8,7
293,control,12,18
7889,treatment,8,5
7406,treatment,16,12
5596,treatment,10,10
2887,control,13,9
6455,treatment,10,15
2543,control,10,6
1766,control,10,11
6801,treatment,7,9
1878,control,16,17
1982,control,10,8
9730,treatment,15,21
9609,treatment,11,17
2686,control,10,14
8931,treatment,13,12
3459,control,10,6
4542,control,5,10
2179,control,15,19
4451,control,7,4
3860,control,11,11
7624,treatment,13,15
7655,treatment,15,10
4520,control,3,2
2518,control,8,22
4837,control,3,2
2886,control,9,7
7282,treatment,6,9
6256,treatment,10,11
4540,control,14,16
5640,treatment,13,11
9460,treatment,17,15
3482,control,17,17
1278,control,12,17
3147,control,22,16
8263,treatment,10,15
3206,control,12,5
9893,treatment,10,6
2743,control,9,6
6077,treatment,25,22
4048,control,7,8
5732,treatment,12,5
2946,control,16,12
5791,treatment,19,15
6795,treatment,8,8
6544,treatment,11,16
701,control,23,15
3575,control,5,7
7700,treatment,15,18
2516,control,8,12
3001,control,11,11
5821,treatment,6,9
8582,treatment,14,14
3685,control,7,8
2996,control,10,9
4253,control,12,7
3412,control,2,4
7963,treatment,15,19
6310,treatment,3,2
8612,treatment,6,6
5013,treatment,7,4
7751,treatment,11,10
5980,treatment,9,5
4049,control,8,10
4900,control,10,10
1319,control,0,4
9773,treatment,6,8
9138,treatment,12,6
7143,treatment,7,6
1898,control,8,5
7466,treatment,14,14
604,control,10,6
2847,control,1,7
8208,treatment,5,6
394,control,12,15
4437,control,5,8
9448,treatment,11,7
7235,treatment,12,10
5399,treatment,5,4
96,control,5,3
1663,control,14,9
8971,treatment,7,16
5131,treatment,2,6
1489,control,12,10
8317,treatment,9,11
2708,control,0,0
1596,control,10,11
9278,treatment,11,3
2378,control,6,5
5141,treatment,16,5
6148,treatment,8,12
8242,treatment,6,4
3949,control,9,4
3934,control,20,6
4798,control,14,16
4373,control,5,0
9863,treatment,18,13
8243,treatment,8,7
3449,control,7,9
2944,control,10,9
2466,control,7,4
8583,treatment,4,7
5507,treatment,7,9
2699,control,7,6
2448,control,7,9
20,control,9,15
2749,control,9,3
5400,treatment,14,4
8079,treatment,16,16
6872,treatment,22,11
4709,control,7,5
9477,treatment,8,2
810,control,9,13
7478,treatment,11,11
2274,control,21,20
1924,control,22,11
1471,control,6,8
7935,treatment,19,19
7408,treatment,6,8
2407,control,8,10
1143,control,3,3
1748,control,8,12
5710,treatment,8,6
4976,control,8,9
7301,treatment,11,11
8149,treatment,9,7
2834,control,6,6
3132,control,10,4
1311,control,4,4
8651,treatment,8,12
6775,treatment,4,5
6757,treatment,8,7
621,control,8,10
2702,control,5,9
2200,control,10,7
6197,treatment,13,10
8825,treatment,14,12
1047,control,7,7
5769,treatment,10,10
9948,treatment,8,8
9020,treatment,7,8
744,control,3,6
223,control,9,10
3150,control,15,10
626,control,5,4
9335,treatment,19,8
7567,treatment,8,6
4583,control,7,13
5712,treatment,0,0
3285,control,8,8
7586,treatment,6,12
9647,treatment,6,7
1531,control,12,20
9686,treatment,2,4
354,control,13,16
2475,control,7,5
8014,treatment,5,10
6476,treatment,8,6
6450,treatment,18,22
240,control,9,16
2626,control,3,13
9787,treatment,7,13
7199,treatment,8,8
7693,treatment,7,7
2998,control,25,21
6441,treatment,12,11
4563,control,14,16
8615,treatment,6,9
1480,control,20,21
1019,control,9,7
3095,control,11,21
6183,treatment,2,1
4961,control,10,6
8493,treatment,14,10
1104,control,13,12
6082,treatment,0,0
9526,treatment,11,13
5191,treatment,6,16
4182,control,8,11
4468,control,10,13
1627,control,0,0
6718,treatment,10,11
3799,control,24,16
3054,control,10,11
2868,control,14,11
1433,control,1,3
7984,treatment,5,5
9347,treatment,9,4
9420,treatment,8,14
4077,control,0,0
218,control,13,16
3556,control,10,9
7937,treatment,5,14
8422,treatment,8,6
1035,control,5,10
3774,control,8,11
4133,control,7,13
2336,control,13,9
6493,treatment,5,6
1483,control,16,15
907,control,9,11
6089,treatment,24,20
6467,treatment,5,18
5677,treatment,4,5
2771,control,8,15
1806,control,3,1
7375,treatment,9,12
2115,control,16,10
4535,control,13,10
2532,control,15,13
8526,treatment,11,10
3471,control,2,5
1403,control,10,10
853,control,11,15
3083,control,9,19
8025,treatment,7,5
7566,treatment,1,2
5530,treatment,8,6
7855,treatment,7,10
4933,control,16,16
5160,treatment,1,1
9716,treatment,18,12
3847,control,7,13
6484,treatment,22,23
748,control,10,19
3035,control,8,23
348,control,17,14
3352,control,11,5
2865,control,7,5
2168,control,1,3
6955,treatment,8,13
6210,treatment,9,8
2778,control,9,13
1442,control,10,12
5658,treatment,13,8
9658,treatment,9,16
3028,control,9,5
6118,treatment,6,2
2484,control,12,8
2883,control,13,15
5562,treatment,17,20
764,control,12,14
6482,treatment,6,9
1617,control,22,21
1223,control,12,9
8665,treatment,17,18
6222,treatment,7,7
1577,control,9,14
9392,treatment,19,21
6351,treatment,10,8
3783,control,7,6
4375,control,10,10
709,control,15,5
510,control,12,11
2955,control,1,1
7538,treatment,13,9
6339,treatment,16,15
8923,treatment,16,17
7064,treatment,11,9
7163,treatment,11,9
7372,treatment,9,11
6829,treatment,3,7
3616,control,13,15
4657,control,6,6
6976,treatment,4,2
4351,control,12,13
712,control,11,14
6479,treatment,6,8
9130,treatment,8,11
8205,treatment,18,17
9204,treatment,16,20
713,control,10,5
9113,treatment,14,11
1246,control,5,6
9786,treatment,7,10
6849,treatment,0,0
5134,treatment,6,6
716,control,5,6
3464,control,3,4
4395,control,8,2
4569,control,14,10
8804,treatment,7,10
8490,treatment,3,3
7702,treatment,14,8
213,control,10,6
9768,treatment,0,1
6839,treatment,11,14
1011,control,5,5
324,control,10,9
5397,treatment,10,17
5991,treatment,5,4
3173,control,12,14
335,control,6,17
8306,treatment,17,13
2211,control,14,17
4272,control,5,4
6741,treatment,2,9
234,control,12,15
5951,treatment,0,3
5738,treatment,8,15
7922,treatment,16,16
2349,control,11,11
2037,control,12,7
7485,treatment,9,8
6007,treatment,8,4
4554,control,13,8
8073,treatment,7,2
1459,control,16,17
3289,control,7,6
3065,control,10,10
9437,treatment,4,2
775,control,8,6
6833,treatment,16,16
872,control,8,3
8750,treatment,1,1
1264,control,7,14
4834,control,10,7
3895,control,18,12
6324,treatment,2,11
9213,treatment,7,13
7020,treatment,12,15
1221,control,12,13
1447,control,20,16
3185,control,15,15
409,control,2,0
4345,control,5,9
3022,control,18,24
2304,control,11,8
6272,treatment,4,1
8281,treatment,7,6
6642,treatment,8,11
6956,treatment,5,10
2110,control,5,5
5352,treatment,11,10
9684,treatment,20,7
8344,treatment,8,10
4550,control,6,9
1881,control,9,12
5946,treatment,4,7
1738,control,15,7
7794,treatment,4,10
5213,treatment,12,10
3209,control,16,18
7083,treatment,6,11
2056,control,10,12
1689,control,9,9
4780,control,19,9
7476,treatment,9,14
7877,treatment,11,8
6750,treatment,7,10
8556,treatment,6,6
8123,treatment,9,16
6991,treatment,5,11
8267,treatment,12,23
8540,treatment,6,13
3393,control,6,5
6326,treatment,23,22
3529,control,4,2
4605,control,7,8
7024,treatment,18,22
6322,treatment,15,11
746,control,12,13
711,control,15,5
380,control,10,4
8783,treatment,9,8
3012,control,13,5
8859,treatment,10,12
7153,treatment,15,12
8567,treatment,9,9
3498,control,9,12
3890,control,6,4
4485,control,10,10
4012,control,12,5
2620,control,15,13
6671,treatment,9,11
6513,treatment,8,10
3468,control,2,2
1314,control,15,14
8606,treatment,8,2
2070,control,7,9
2983,control,10,12
5915,treatment,10,9
9171,treatment,6,5
1286,control,15,10
8991,treatment,17,10
8430,treatment,14,20
1350,control,7,6
2612,control,9,12
9495,treatment,2,5
3669,control,3,5
2222,control,7,7
428,control,17,19
654,control,2,4
9914,treatment,8,14
3536,control,7,9
7737,treatment,11,20
3246,control,9,16
4741,control,13,7
9069,treatment,2,5
4100,control,6,6
4101,control,9,15
6960,treatment,5,14
612,control,13,8
4289,control,8,5
8571,treatment,9,12
9713,treatment,5,6
1544,control,10,10
9536,treatment,22,15
3854,control,3,5
555,control,10,12
6366,treatment,5,9
512,control,9,7
3207,control,11,13
8085,treatment,6,12
968,control,8,8
6044,treatment,6,13
6880,treatment,9,9
6776,treatment,19,12
3296,control,13,18
8702,treatment,4,5
3430,control,5,15
8871,treatment,12,19
6963,treatment,21,10
2089,control,9,11
8500,treatment,14,11
6163,treatment,4,9
3211,control,9,7
9201,treatment,11,19
6606,treatment,3,4
1110,control,6,14
5729,treatment,12,13
7830,treatment,7,10
1039,control,19,10
1195,control,16,19
4475,control,11,4
9875,treatment,16,18
2123,control,7,9
4983,control,3,6
8974,treatment,6,8
5701,treatment,7,16
935,control,9,12
6102,treatment,10,13
4690,control,7,9
395,control,13,9
4686,control,6,9
8777,treatment,11,11
9166,treatment,15,16
5981,treatment,2,9
9943,treatment,2,5
2192,control,7,9
1298,control,7,9
5045,treatment,0,2
1163,control,10,11
4255,control,3,10
6373,treatment,9,11
1528,control,8,12
4343,control,8,8
2031,control,18,19
3061,control,17,19
59,control,10,12
2406,control,2,3
5007,treatment,2,1
6158,treatment,4,8
7376,treatment,4,12
4507,control,11,17
5215,treatment,11,23
6030,treatment,0,1
1781,control,17,13
5448,treatment,9,13
4607,control,7,9
6915,treatment,1,7
677,control,15,16
3583,control,9,11
3654,control,17,15
7921,treatment,12,13
9500,treatment,3,8
2733,control,12,15
4788,control,14,10
2755,control,12,8
2338,control,13,10
3644,control,8,8
7738,treatment,9,11
5517,treatment,11,9
5247,treatment,20,22
867,control,10,3
4448,control,13,9
5072,treatment,8,10
4882,control,16,6
9511,treatment,10,17
3003,control,19,21
2226,control,12,11
9057,treatment,23,27
4827,control,8,10
7622,treatment,9,4
9690,treatment,16,19
5501,treatment,7,8
9701,treatment,11,11
8479,treatment,4,4
5503,treatment,2,6
1211,control,16,14
9084,treatment,20,19
2289,control,6,11
2184,control,8,7
2863,control,7,9
6862,treatment,3,3
2363,control,9,10
8464,treatment,14,7
6333,treatment,10,9
4065,control,6,10
9547,treatment,11,18
618,control,15,18
3282,control,9,14
5227,treatment,12,8
3398,control,6,4
3066,control,13,9
767,control,5,13
7079,treatment,8,4
5280,treatment,20,22
4150,control,1,5
1145,control,8,9
4249,control,2,6
4111,control,14,12
463,control,3,4
2933,control,14,20
4624,control,16,12
3814,control,5,14
6309,treatment,12,16
4342,control,8,13
5301,treatment,6,8
6805,treatment,17,12
3283,control,11,11
2575,control,13,17
7962,treatment,5,6
7880,treatment,12,12
829,control,15,15
6487,treatment,12,14
7600,treatment,20,12
2541,control,10,11
5747,treatment,3,4
8527,treatment,8,13
9567,treatment,1,1
3743,control,2,2
7499,treatment,9,5
3525,control,6,8
21,control,11,14
1916,control,0,0
6572,treatment,8,18
9019,treatment,7,7
2013,control,10,13
5406,treatment,19,20
1296,control,17,12
3746,control,12,7
592,control,16,11
1407,control,12,9
222,control,7,10
5618,treatment,8,17
6249,treatment,15,15
4419,control,12,10
859,control,1,1
1784,control,8,6
7260,treatment,10,5
6857,treatment,4,5
1955,control,10,13
1747,control,11,20
3133,control,11,15
8037,treatment,15,15
8851,treatment,24,19
995,control,14,9
6109,treatment,12,15
731,control,11,10
6975,treatment,10,21
6274,treatment,22,27
6752,treatment,8,11
3510,control,8,7
3534,control,16,7
2514,control,18,16
5437,treatment,9,5
3626,control,13,18
466,control,8,9
6756,treatment,13,13
6760,treatment,21,17
7992,treatment,1,10
158,control,16,8
3961,control,15,16
8833,treatment,4,5
5471,treatment,12,10
186,control,17,23
1003,control,6,12
9509,treatment,13,5
5624,treatment,4,7
401,control,12,10
6241,treatment,12,16
8941,treatment,0,1
9933,treatment,14,8
7343,treatment,7,8
9833,treatment,6,10
8467,treatment,5,11
8757,treatment,12,9
7959,treatment,12,14
1251,control,14,14
3144,control,14,8
7431,treatment,6,4
60,control,13,11
7856,treatment,4,9
1114,control,6,7
3058,control,8,10
9570,treatment,5,14
1329,control,9,12
4996,control,11,16
6683,treatment,2,3
2073,control,2,3
4794,control,6,6
6830,treatment,4,5
9630,treatment,20,11
8219,treatment,15,16
7568,treatment,8,8
5923,treatment,24,12
1551,control,4,3
1010,control,10,12
3756,control,6,9
8682,treatment,8,14
9343,treatment,7,6
8010,treatment,0,2
3861,control,3,5
3149,control,15,21
2520,control,1,2
3128,control,9,8
9085,treatment,4,5
5317,treatment,11,10
1196,control,16,14
9051,treatment,7,8
880,control,4,10
6990,treatment,5,7
2488,control,14,16
2841,control,9,10
4330,control,2,6
2931,control,9,8
6425,treatment,11,13
2486,control,8,14
5748,treatment,2,6
884,control,4,5
4915,control,8,20
6211,treatment,4,13
9579,treatment,4,11
212,control,2,2
2276,control,0,0
2329,control,8,8
4951,control,17,12
3320,control,15,15
9835,treatment,8,13
4608,control,23,19
1439,control,6,6
468,control,23,16
5467,treatment,21,15
3330,control,13,11
5829,treatment,8,11
8608,treatment,9,7
697,control,1,1
7268,treatment,11,13
9145,treatment,17,12
8181,treatment,3,15
9939,treatment,10,5
1315,control,17,13
2302,control,10,4
2040,control,19,7
7109,treatment,9,11
3667,control,12,5
915,control,10,12
13,control,13,7
8584,treatment,9,4
6428,treatment,9,6
1537,control,9,17
737,control,13,14
8202,treatment,3,1
8653,treatment,11,11
454,control,21,16
4346,control,10,8
928,control,11,9
6292,treatment,18,22
8282,treatment,9,4
8723,treatment,7,16
6474,treatment,4,9
38,control,3,9
5771,treatment,24,10
2555,control,7,13
7633,treatment,9,12
9999,treatment,19,17
6621,treatment,14,9
941,control,10,6
7399,treatment,4,8
6129,treatment,9,22
9830,treatment,8,11
2681,control,16,14
4355,control,4,5
3059,control,5,8
7881,treatment,6,15
739,control,3,1
539,control,0,1
3326,control,12,11
4240,control,18,11
1401,control,13,14
4047,control,14,10
5138,treatment,9,11
4230,control,12,16
4192,control,14,15
9143,treatment,4,2
5539,treatment,14,8
2693,control,9,15
5341,treatment,15,18
9918,treatment,7,9
7671,treatment,7,12
9174,treatment,3,9
1808,control,11,7
5112,treatment,8,5
3990,control,6,5
3456,control,6,9
2908,control,7,10
6652,treatment,12,14
8288,treatment,14,10
6245,treatment,20,19
2698,control,19,12
4017,control,21,9
4340,control,9,11
4646,control,9,4
7740,treatment,9,10
7092,treatment,2,5
4693,control,19,9
1740,control,8,14
5407,treatment,3,4
4589,control,1,2
3126,control,12,15
2158,control,2,4
5334,treatment,14,16
8637,treatment,12,8
1826,control,21,13
4231,control,19,15
3488,control,12,13
9054,treatment,13,12
9769,treatment,8,10
3648,control,6,11
5903,treatment,4,13
6386,treatment,12,17
5639,treatment,21,16
6424,treatment,16,13
7827,treatment,13,14
7744,treatment,16,12
3013,control,9,12
7672,treatment,9,12
9549,treatment,5,6
9978,treatment,8,8
3081,control,11,8
3521,control,11,6
4979,control,11,16
7620,treatment,15,20
4348,control,1,1
8441,treatment,3,6
1347,control,10,17
7088,treatment,8,7
8948,treatment,10,10
5652,treatment,3,2
8082,treatment,3,8
1792,control,10,11
7429,treatment,5,11
9580,treatment,14,21
9960,treatment,3,5
2271,control,7,8
9767,treatment,8,9
2956,control,4,2
3444,control,10,15
7736,treatment,9,8
834,control,13,11
6499,treatment,10,13
2992,control,7,11
7793,treatment,12,8
2151,control,11,7
4023,control,6,3
7615,treatment,3,2
6124,treatment,9,11
3339,control,9,11
4344,control,2,7
4464,control,5,11
2376,control,0,1
9044,treatment,5,6
5571,treatment,13,21
8599,treatment,19,8
8504,treatment,3,4
8880,treatment,11,7
1887,control,5,5
1198,control,9,10
6427,treatment,12,18
8911,treatment,13,8
2936,control,0,0
6342,treatment,8,10
1430,control,10,11
6307,treatment,2,1
3650,control,5,14
1938,control,7,2
5172,treatment,10,10
7764,treatment,11,17
6393,treatment,6,14
1154,control,10,5
6250,treatment,9,11
7037,treatment,14,9
4229,control,9,9
4975,control,8,10
6401,treatment,16,9
3640,control,4,3
3972,control,7,13
9594,treatment,9,10
3376,control,10,7
2487,control,11,8
6954,treatment,8,8
606,control,17,6
7444,treatment,8,6
5928,treatment,25,15
2454,control,7,7
3609,control,13,11
1484,control,9,13
4519,control,7,11
3038,control,7,7
9352,treatment,13,22
7692,treatment,13,10
4116,control,13,11
1427,control,6,12
497,control,4,1
3353,control,18,9
8794,treatment,15,16
759,control,9,15
838,control,17,12
4327,control,8,11
2128,control,9,9
1023,control,15,11
8762,treatment,9,13
5614,treatment,11,17
5581,treatment,12,10
1058,control,12,10
9542,treatment,8,7
6856,treatment,12,16
7349,treatment,14,17
9045,treatment,6,10
2129,control,10,8
2767,control,3,1
2109,control,6,14
3617,control,19,15
1545,control,22,24
6914,treatment,19,15
1719,control,18,10
7435,treatment,4,9
7365,treatment,12,12
6235,treatment,15,7
725,control,8,9
6673,treatment,7,2
8029,treatment,16,12
5492,treatment,0,0
1128,control,12,7
2957,control,9,7
5156,treatment,11,6
4817,control,15,16
6202,treatment,15,5
6224,treatment,8,9
8686,treatment,7,7
7114,treatment,10,13
5275,treatment,12,7
8536,treatment,5,10
3044,control,6,6
6912,treatment,4,10
150,control,14,10
7574,treatment,16,13
4206,control,6,8
5493,treatment,7,8
2690,control,5,1
4221,control,16,14
9102,treatment,7,16
842,control,7,10
8137,treatment,6,8
6438,treatment,10,14
9700,treatment,12,15
6200,treatment,14,15
2795,control,15,16
7626,treatment,5,14
8475,treatment,11,10
7890,treatment,11,13
6608,treatment,15,11
9195,treatment,3,4
8248,treatment,11,2
1393,control,9,7
1922,control,7,12
7019,treatment,7,1
3622,control,10,6
4849,control,10,7
2292,control,10,12
2134,control,9,13
551,control,8,10
1741,control,8,8
5290,treatment,19,15
1818,control,16,13
4699,control,12,4
5182,treatment,14,13
3019,control,11,7
18,control,11,11
1771,control,13,8
1889,control,7,8
2153,control,14,8
1643,control,1,0
7847,treatment,17,18
4194,control,5,4
9433,treatment,6,8
8899,treatment,14,17
534,control,16,14
133,control,15,12
7723,treatment,14,14
8459,treatment,7,4
965,control,14,15
8720,treatment,9,14
6413,treatment,5,3
8286,treatment,13,15
7854,treatment,1,8
1096,control,12,17
6930,treatment,7,7
9255,treatment,7,7
1562,control,10,4
1671,control,6,9
6088,treatment,5,6
6670,treatment,11,12
5934,treatment,6,10
8830,treatment,13,13
7946,treatment,3,4
3509,control,15,9
2003,control,7,11
5867,treatment,14,11
169,control,7,8
2589,control,12,5
5906,treatment,8,8
9530,treatment,2,1
6385,treatment,15,17
7825,treatment,10,10
9780,treatment,0,3
4630,control,5,4
8561,treatment,18,17
9292,treatment,13,11
6875,treatment,6,6
6522,treatment,12,18
8980,treatment,5,11
6648,treatment,11,17
9826,treatment,19,23
211,control,9,9
5279,treatment,7,9
1920,control,2,4
719,control,3,4
4869,control,14,21
7835,treatment,20,11
1299,control,3,5
9194,treatment,11,9
4618,control,7,7
3129,control,7,10
9796,treatment,13,7
3980,control,20,18
9925,treatment,13,20
8318,treatment,1,1
4394,control,4,12
1288,control,9,13
4356,control,5,7
7014,treatment,5,9
3886,control,10,13
5750,treatment,11,10
9170,treatment,17,10
2408,control,7,8
2014,control,9,10
5154,treatment,14,15
8552,treatment,9,16
4377,control,5,4
8823,treatment,10,10
4274,control,20,16
5826,treatment,9,6
6700,treatment,16,16
7244,treatment,1,1
450,control,7,11
2228,control,5,13
5757,treatment,5,6
811,control,17,6
4181,control,9,11
9001,treatment,7,10
5439,treatment,13,12
7534,treatment,11,16
6370,treatment,14,19
8417,treatment,19,15
1478,control,3,5
1791,control,1,6
2009,control,25,17
683,control,12,15
2817,control,2,3
9432,treatment,5,6
3775,control,13,8
6496,treatment,2,1
8879,treatment,10,9
7362,treatment,7,10
8367,treatment,10,7
7475,treatment,12,17
47,control,11,16
31,control,22,8
8251,treatment,5,5
6936,treatment,5,5
1469,control,4,8
1666,control,10,5
1417,control,24,24
6481,treatment,10,13
4853,control,12,17
2471,control,8,9
4374,control,15,20
8525,treatment,22,13
430,control,10,9
5245,treatment,13,12
2120,control,17,6
386,control,11,6
1946,control,0,5
4225,control,11,10
474,control,4,7
2130,control,18,16
6557,treatment,21,16
6999,treatment,9,16
1056,control,9,21
3275,control,2,3
4962,control,17,13
5364,treatment,11,9
5817,treatment,13,8
812,control,10,4
4574,control,17,16
6138,treatment,3,2
2389,control,17,22
9649,treatment,3,4
6226,treatment,13,7
112,control,8,12
8910,treatment,2,3
1746,control,11,5
7852,treatment,9,25
1453,control,15,12
320,control,5,5
8594,treatment,9,11
3334,control,4,8
1923,control,3,3
5866,treatment,2,5
9529,treatment,7,7
3686,control,15,13
4276,control,4,8
4890,control,16,11
5226,treatment,11,10
7473,treatment,7,5
3606,control,16,12
1053,control,7,12
4157,control,18,15
9677,treatment,18,14
100,control,6,7
7509,treatment,8,8
1457,control,19,16
7689,treatment,11,12
4005,control,19,9
6867,treatment,16,6
4510,control,16,13
3300,control,11,11
3800,control,16,13
4282,control,0,0
9052,treatment,8,7
6463,treatment,8,4
7913,treatment,9,7
1415,control,16,17
541,control,1,3
5816,treatment,11,9
8200,treatment,8,13
3681,control,7,8
755,control,18,19
4197,control,8,13
2651,control,3,5
4523,control,5,5
9520,treatment,8,8
3119,control,3,7
3729,control,12,16
3887,control,6,6
7108,treatment,6,15
8069,treatment,18,13
7326,treatment,22,11
8484,treatment,13,8
8768,treatment,10,13
6501,treatment,12,13
8427,treatment,12,9
7964,treatment,6,10
602,control,10,9
9250,treatment,30,16
8920,treatment,9,5
6815,treatment,17,12
5412,treatment,13,19
8748,treatment,3,11
5523,treatment,7,3
1045,control,4,7
7335,treatment,10,9
1558,control,11,17
3740,control,13,4
3523,control,6,12
181,control,16,12
2116,control,13,13
1700,control,7,10
1380,control,14,17
7230,treatment,10,13
9144,treatment,12,9
619,control,9,5
3182,control,2,3
9852,treatment,11,6
1601,control,13,11
5964,treatment,13,13
1616,control,7,11
5921,treatment,10,9
9592,treatment,11,8
3892,control,7,4
2084,control,14,12
4575,control,11,9
5595,treatment,11,12
5122,treatment,4,4
4588,control,10,13
4903,control,6,13
8253,treatment,3,10
5917,treatment,12,7
5130,treatment,12,10
8335,treatment,12,16
1919,control,6,6
8331,treatment,2,2
5708,treatment,6,21
5385,treatment,21,12
6337,treatment,14,16
2055,control,16,11
7613,treatment,18,15
9210,treatment,5,6
3964,control,11,10
1127,control,20,15
3429,control,18,14
4602,control,14,11
3722,control,9,10
2390,control,10,11
1323,control,9,12
1604,control,1,6
7225,treatment,11,8
7426,treatment,2,6
4337,control,11,12
5594,treatment,12,15
4412,control,11,6
5859,treatment,10,16
9344,treatment,6,7
3992,control,2,5
6080,treatment,5,4
1560,control,10,11
4683,control,7,6
7558,treatment,17,16
3773,control,12,10
8780,treatment,10,12
3458,control,5,5
8384,treatment,9,7
1355,control,26,16
46,control,14,15
9873,treatment,12,12
749,control,8,5
7918,treatment,11,13
4242,control,9,5
5629,treatment,16,9
4658,control,18,8
4239,control,8,14
3461,control,14,12
7382,treatment,3,8
5550,treatment,5,2
7076,treatment,2,2
5839,treatment,11,6
8092,treatment,32,31
5475,treatment,17,10
3615,control,4,0
7502,treatment,3,1
7054,treatment,16,18
7368,treatment,18,13
8020,treatment,7,7
9639,treatment,6,11
9056,treatment,6,10
665,control,18,14
2320,control,13,14
3543,control,7,6
3678,control,8,13
9600,treatment,3,7
3092,control,15,8
676,control,4,15
8677,treatment,0,0
4885,control,9,16
8080,treatment,14,20
1963,control,7,9
1841,control,5,9
7169,treatment,3,2
9899,treatment,19,24
3539,control,18,10
8027,treatment,6,13
4867,control,4,5
4175,control,3,8
8089,treatment,7,9
4378,control,10,9
6212,treatment,20,16
4767,control,8,4
412,control,2,0
614,control,13,11
6127,treatment,16,22
5211,treatment,10,12
1431,control,14,11
2426,control,16,17
8842,treatment,6,6
3834,control,6,6
4719,control,9,10
7186,treatment,16,12
1418,control,16,12
7200,treatment,11,12
605,control,7,10
1273,control,8,11
3965,control,11,8
6368,treatment,6,7
8747,treatment,18,9
248,control,17,20
9227,treatment,4,5
1983,control,5,11
2836,control,15,7
5376,treatment,18,9
200,control,11,15
486,control,6,10
6084,treatment,7,6
8957,treatment,1,4
456,control,16,7
9799,treatment,11,10
8827,treatment,12,16
6516,treatment,4,5
1722,control,3,4
7051,treatment,11,16
6383,treatment,21,10
8166,treatment,16,11
5768,treatment,21,13
5810,treatment,9,2
4627,control,5,9
863,control,9,5
2095,control,10,16
948,control,0,0
5642,treatment,4,4
1445,control,7,6
1281,control,16,11
3111,control,9,11
8953,treatment,6,4
7610,treatment,11,12
5136,treatment,12,2
3017,control,7,4
2303,control,0,0
2005,control,9,7
4581,control,7,10
8705,treatment,6,7
1006,control,16,7
5139,treatment,5,13
4318,control,12,4
6559,treatment,6,10
4388,control,20,9
2133,control,4,7
4266,control,11,4
2058,control,2,4
5387,treatment,5,7
230,control,8,4
2890,control,12,3
4473,control,15,12
6065,treatment,15,19
7925,treatment,8,12
7650,treatment,2,2
8382,treatment,11,9
210,control,10,10
2759,control,13,12
8472,treatment,9,5
2949,control,10,19
7117,treatment,21,9
6331,treatment,23,15
1729,control,7,12
4177,control,18,17
338,control,12,9
4985,control,5,4
6879,treatment,9,7
7249,treatment,13,23
8453,treatment,5,3
1227,control,13,13
7609,treatment,14,19
6828,treatment,0,0
3541,control,9,14
5869,treatment,11,11
2112,control,16,11
2692,control,8,6
7154,treatment,17,6
3708,control,14,18
1018,control,4,10
8512,treatment,7,11
2808,control,4,0
5016,treatment,6,10
1929,control,15,13
351,control,10,13
5174,treatment,5,9
4193,control,9,10
1935,control,1,4
6902,treatment,21,10
4824,control,8,6
565,control,19,18
1583,control,11,14
4695,control,7,14
2176,control,8,19
7029,treatment,8,4
4881,control,6,10
2229,control,19,11
1116,control,8,9
3127,control,12,13
3545,control,9,9
5049,treatment,11,10
7477,treatment,7,5
822,control,12,7
6533,treatment,7,18
2273,control,13,18
5546,treatment,20,16
82,control,9,8
1324,control,2,2
9406,treatment,3,4
1615,control,10,6
832,control,14,25
3884,control,19,15
8642,treatment,15,16
4465,control,14,9
5340,treatment,11,15
8067,treatment,12,11
1650,control,11,2
4066,control,14,10
9666,treatment,17,17
3039,control,8,8
3321,control,2,4
7144,treatment,13,12
6890,treatment,12,15
5093,treatment,2,7
3721,control,14,13
2424,control,8,10
750,control,7,4
5272,treatment,15,25
2374,control,16,19
4694,control,2,10
9880,treatment,16,17
8371,treatment,9,8
7320,treatment,6,7
4369,control,4,13
6786,treatment,7,3
7402,treatment,23,24
1140,control,12,4
7632,treatment,0,3
2232,control,3,3
2165,control,14,13
5218,treatment,8,12
9445,treatment,18,17
9238,treatment,12,15
4562,control,5,10
1571,control,7,13
173,control,8,6
7164,treatment,8,12
2088,control,1,6
4668,control,11,13
4566,control,7,12
7090,treatment,16,10
6570,treatment,4,8
4784,control,6,6
2685,control,3,5
1833,control,2,5
8547,treatment,6,12
5066,treatment,14,8
9131,treatment,8,7
9356,treatment,16,8
4413,control,15,12
7208,treatment,12,11
9891,treatment,12,10
835,control,7,5
6822,treatment,9,2
3782,control,0,2
9013,treatment,11,9
7500,treatment,5,4
3425,control,19,17
66,control,12,12
2964,control,6,8
5670,treatment,8,9
8963,treatment,10,11
355,control,9,12
8172,treatment,11,9
4031,control,5,3
8535,treatment,16,9
3652,control,4,14
6740,treatment,4,11
3298,control,9,7
4128,control,9,8
8044,treatment,2,1
4768,control,15,15
473,control,6,11
3762,control,16,9
8618,treatment,0,1
3567,control,8,14
2761,control,6,9
869,control,4,10
9383,treatment,13,12
8689,treatment,7,16
4053,control,15,5
6131,treatment,15,14
3245,control,15,10
4843,control,2,1
9331,treatment,11,3
5641,treatment,11,7
5781,treatment,8,7
8541,treatment,9,19
1076,control,14,13
2958,control,9,6
6753,treatment,6,9
8658,treatment,3,3
7273,treatment,4,4
4760,control,12,6
4863,control,13,6
7026,treatment,14,19
7648,treatment,11,13
7162,treatment,13,15
74,control,9,9
4902,control,10,14
4376,control,1,2
6699,treatment,8,8
9806,treatment,2,6
1102,control,15,12
9538,treatment,15,13
7656,treatment,13,10
5236,treatment,4,13
5166,treatment,4,13
119,control,15,14
2023,control,9,14
9886,treatment,4,6
2639,control,14,17
2035,control,9,16
2565,control,14,16
8666,treatment,0,2
3544,control,8,12
1220,control,14,14
9715,treatment,14,10
6712,treatment,10,6
2904,control,7,5
3027,control,9,12
2511,control,5,9
4202,control,2,2
3208,control,13,11
4490,control,11,10
2756,control,7,4
8890,treatment,9,8
178,control,7,10
1644,control,18,12
9293,treatment,5,3
3519,control,7,11
1375,control,8,17
1721,control,6,27
3996,control,4,7
3689,control,22,19
2265,control,16,7
88,control,12,8
2849,control,18,11
8688,treatment,8,9
404,control,12,10
9901,treatment,5,3
4078,control,7,9
6836,treatment,11,15
6538,treatment,11,7
2457,control,11,12
2752,control,7,7
2215,control,15,3
1028,control,7,11
9704,treatment,10,17
1422,control,17,7
2437,control,7,9
4278,control,12,11
9610,treatment,7,11
1279,control,20,14
6221,treatment,22,19
4908,control,4,6
5065,treatment,10,15
1979,control,14,16
1062,control,13,11
5015,treatment,15,9
4536,control,16,8
6994,treatment,12,12
9254,treatment,15,19
1503,control,12,15
8569,treatment,2,4
9315,treatment,12,12
8837,treatment,11,12
8921,treatment,20,11
4919,control,9,13
679,control,7,11
5077,treatment,7,10
8065,treatment,6,11
7569,treatment,13,23
103,control,8,7
958,control,23,25
8557,treatment,9,6
3786,control,7,6
9631,treatment,12,14
7174,treatment,10,11
4044,control,4,5
2649,control,11,8
6001,treatment,10,11
7928,treatment,9,7
2827,control,15,14
4095,control,10,14
7775,treatment,14,10
9259,treatment,1,2
8114,treatment,8,7
4773,control,10,7
1948,control,7,6
6110,treatment,10,3
2300,control,9,4
7845,treatment,17,17
4383,control,12,13
5426,treatment,7,5
6772,treatment,14,22
8579,treatment,14,18
4292,control,6,4
529,control,23,12
1234,control,9,9
780,control,5,3
5860,treatment,13,14
3060,control,16,9
8588,treatment,4,3
1861,control,9,11
8439,treatment,10,21
7404,treatment,3,3
4640,control,9,6
4251,control,9,6
1993,control,11,11
7380,treatment,10,8
7306,treatment,6,13
5304,treatment,16,11
8193,treatment,9,10
7448,treatment,12,10
2472,control,7,9
7198,treatment,8,8
5313,treatment,7,12
9036,treatment,19,20
1397,control,22,16
4003,control,12,12
5372,treatment,10,13
3236,control,10,15
1043,control,9,13
3299,control,10,6
7257,treatment,16,14
258,control,11,16
7287,treatment,10,8
8617,treatment,8,6
7817,treatment,15,14
5844,treatment,13,11
2090,control,9,17
7703,treatment,0,0
504,control,1,1
5266,treatment,6,9
8815,treatment,12,19
1346,control,12,18
8456,treatment,11,11
5047,treatment,13,22
2249,control,8,12
4982,control,10,7
373,control,16,21
8455,treatment,10,9
3371,control,9,10
2007,control,12,8
3657,control,15,8
8328,treatment,14,8
7522,treatment,8,12
4002,control,19,10
6073,treatment,15,15
8737,treatment,11,11
998,control,6,13
8180,treatment,12,16
3291,control,8,10
1177,control,9,3
552,control,12,14
745,control,8,7
7224,treatment,6,13
4555,control,14,15
2860,control,9,8
8821,treatment,7,15
3460,control,15,11
2725,control,4,6
6848,treatment,0,0
7616,treatment,5,7
7548,treatment,10,10
9175,treatment,15,17
6394,treatment,11,8
5359,treatment,7,12
9489,treatment,9,15
2969,control,20,29
694,control,1,1
2534,control,6,9
6400,treatment,18,12
983,control,8,10
5365,treatment,9,6
80,control,18,8
4054,control,7,6
6259,treatment,6,8
9577,treatment,7,10
9026,treatment,4,4
3108,control,9,8
3602,control,19,18
6074,treatment,6,13
8127,treatment,13,13
2143,control,22,31
6311,treatment,9,13
2269,control,3,1
446,control,6,4
4884,control,13,9
4467,control,13,9
9027,treatment,13,18
6633,treatment,15,16
3317,control,7,7
1702,control,11,5
2527,control,6,10
69,control,17,14
1169,control,17,8
49,control,10,14
1054,control,18,21
4030,control,8,7
881,control,15,12
2652,control,4,1
7760,treatment,2,2
2440,control,4,7
4925,control,5,7
1468,control,2,4
7293,treatment,7,7
5036,treatment,6,6
2442,control,11,10
6555,treatment,5,9
231,control,3,4
1321,control,7,12
42,control,17,17
778,control,5,5
8951,treatment,10,13
8405,treatment,10,15
1730,control,11,10
3911,control,13,19
580,control,10,7
9942,treatment,6,2
5840,treatment,6,4
8272,treatment,14,9
7276,treatment,12,17
1492,control,9,9
9110,treatment,9,4
5611,treatment,13,21
62,control,13,11
5472,treatment,5,9
3906,control,21,21
6532,treatment,10,7
403,control,9,13
333,control,7,6
2085,control,18,13
9558,treatment,13,7
165,control,15,18
4380,control,4,7
2716,control,12,13
8924,treatment,8,8
7347,treatment,23,16
5454,treatment,6,7
7047,treatment,13,11
1335,control,12,10
8699,treatment,12,10
1660,control,11,11
3579,control,11,7
754,control,17,17
6585,treatment,7,17
707,control,6,3
3015,control,22,13
8559,treatment,10,12
9876,treatment,2,2
9583,treatment,14,12
8929,treatment,13,8
9557,treatment,3,12
8984,treatment,11,14
1835,control,7,20
2997,control,11,4
5428,treatment,11,11
3880,control,11,13
7157,treatment,17,8
5082,treatment,9,16
9115,treatment,12,18
7245,treatment,4,8
5401,treatment,8,6
5396,treatment,13,21
9428,treatment,12,9
2247,control,7,5
836,control,12,7
8395,treatment,17,12
9043,treatment,8,5
433,control,12,14
3379,control,8,10
6818,treatment,16,7
8132,treatment,13,7
9622,treatment,9,12
6067,treatment,9,11
1194,control,11,13
6935,treatment,21,17
5462,treatment,9,8
3072,control,13,11
3045,control,17,17
3264,control,19,11
2730,control,3,3
3434,control,9,13
434,control,4,3
3273,control,8,11
7002,treatment,5,9
9727,treatment,7,8
105,control,6,10
3316,control,11,14
1657,control,14,16
1534,control,7,2
4681,control,12,19
8814,treatment,22,13
9003,treatment,13,9
6623,treatment,10,14
1444,control,21,19
215,control,8,4
5357,treatment,2,5
9219,treatment,8,16
6323,treatment,8,15
4990,control,18,13
1420,control,9,14
9517,treatment,11,17
8607,treatment,16,15
182,control,4,12
4353,control,10,9
8701,treatment,5,6
2447,control,3,6
5322,treatment,4,0
8046,treatment,5,8
5685,treatment,4,8
3533,control,18,15
8245,treatment,10,8
7977,treatment,14,21
3699,control,3,7
71,control,3,3
545,control,6,9
1205,control,2,8
3079,control,9,6
9107,treatment,14,9
9121,treatment,9,20
9681,treatment,6,11
6181,treatment,9,8
8330,treatment,18,31
4285,control,8,12
4008,control,15,10
8714,treatment,6,12
878,control,10,7
8061,treatment,7,5
197,control,11,9
9747,treatment,3,2
4011,control,13,7
9963,treatment,9,9
2572,control,12,15
3754,control,10,10
9248,treatment,12,9
8629,treatment,10,12
9369,treatment,5,5
6160,treatment,12,20
4792,control,0,0
5338,treatment,11,18
3025,control,10,6
2719,control,17,12
8656,treatment,7,6
6917,treatment,9,10
3985,control,7,7
7309,treatment,10,8
5954,treatment,7,10
3845,control,7,4
2683,control,12,15
4025,control,9,4
8716,treatment,19,24
3140,control,24,13
4238,control,13,14
219,control,8,10
6619,treatment,8,16
9607,treatment,12,19
5269,treatment,12,6
2544,control,9,18
2871,control,3,3
1245,control,20,10
421,control,7,12
6228,treatment,16,18
2059,control,10,4
8494,treatment,13,12
6435,treatment,12,10
3423,control,17,15
4511,control,12,13
1167,control,31,17
255,control,12,7
416,control,11,11
9176,treatment,7,10
3470,control,17,12
3051,control,19,19
760,control,14,13
1386,control,9,6
655,control,15,15
1202,control,6,12
2414,control,9,5
5580,treatment,11,14
5994,treatment,17,11
5295,treatment,10,10
3056,control,2,5
2831,control,6,1
2971,control,15,14
329,control,6,1
4271,control,5,7
5995,treatment,7,2
4393,control,5,4
2064,control,18,19
8302,treatment,8,8
9014,treatment,16,11
9330,treatment,10,6
5170,treatment,20,15
4430,control,6,3
1282,control,0,1
3382,control,16,7
2637,control,8,2
3329,control,9,10
6437,treatment,14,13
5019,treatment,2,6
7325,treatment,15,11
3796,control,11,13
2664,control,4,5
8283,treatment,4,10
1283,control,2,4
4149,control,14,7
1363,control,2,2
1438,control,0,0
9629,treatment,15,11
3442,control,8,5
57,control,9,10
4598,control,13,10
8480,treatment,13,10
5366,treatment,14,15
1845,control,4,4
5516,treatment,7,9
8574,treatment,8,4
6264,treatment,3,9
2881,control,15,16
1744,control,5,6
8399,treatment,12,3
4170,control,16,10
5198,treatment,7,6
8994,treatment,22,18
741,control,17,20
9067,treatment,13,16
1625,control,18,11
525,control,14,20
8000,treatment,7,12
4420,control,21,21
5427,treatment,10,11
6690,treatment,20,10
7383,treatment,9,10
436,control,8,3
2961,control,3,4
309,control,15,9
1566,control,6,6
2632,control,7,9
5598,treatment,1,11
9478,treatment,6,4
402,control,7,11
3827,control,12,16
882,control,13,15
3998,control,4,7
7119,treatment,9,10
3266,control,8,8
8407,treatment,6,11
5010,treatment,7,7
5737,treatment,12,14
5555,treatment,6,13
289,control,10,13
5565,treatment,6,18
8325,treatment,7,16
2624,control,11,7
8860,treatment,4,7
477,control,10,14
8592,treatment,7,7
9714,treatment,5,9
6523,treatment,19,7
3112,control,15,11
9471,treatment,18,13
738,control,14,10
3134,control,9,7
8048,treatment,7,3
6552,treatment,3,7
5408,treatment,13,13
5564,treatment,3,5
5329,treatment,15,13
6719,treatment,3,3
5119,treatment,8,5
4620,control,11,13
3690,control,12,13
7717,treatment,11,12
1840,control,4,11
1996,control,9,16
2400,control,8,10
6511,treatment,9,2
9357,treatment,7,7
4120,control,8,9
5895,treatment,12,9
801,control,7,7
8424,treatment,22,14
7681,treatment,4,12
1406,control,14,19
5432,treatment,12,7
70,control,12,10
9544,treatment,6,7
2760,control,11,17
8295,treatment,15,11
1587,control,0,0
6667,treatment,7,20
8015,treatment,9,7
1075,control,7,4
3064,control,6,15
6488,treatment,7,7
4706,control,12,15
9070,treatment,8,4
2604,control,5,9
7739,treatment,9,10
1580,control,10,15
5059,treatment,10,15
5754,treatment,21,24
3549,control,4,3
410,control,1,4
4098,control,10,10
6462,treatment,10,16
5602,treatment,11,28
5232,treatment,7,4
3778,control,12,16
2727,control,9,2
478,control,6,6
1330,control,11,6
4036,control,12,8
9643,treatment,9,6
1778,control,11,12
6097,treatment,9,21
752,control,6,11
5793,treatment,7,7
4061,control,14,11
9042,treatment,21,12
6031,treatment,12,9
5899,treatment,11,13
9339,treatment,9,7
9161,treatment,13,8
9997,treatment,7,9
5152,treatment,11,13
469,control,13,15
1546,control,10,8
6312,treatment,15,19
2684,control,5,5
8967,treatment,4,14
6182,treatment,7,13
1026,control,7,9
5113,treatment,4,6
8563,treatment,11,12
5369,treatment,5,11
2355,control,5,4
7279,treatment,11,8
3603,control,9,6
774,control,15,21
6774,treatment,10,6
8810,treatment,13,11
3383,control,10,17
642,control,15,13
4234,control,15,21
3816,control,4,6
4105,control,8,11
9926,treatment,12,14
1109,control,18,10
3528,control,3,6
3496,control,7,15
1421,control,10,12
6924,treatment,9,18
3882,control,12,13
8354,treatment,0,4
6246,treatment,16,19
4939,control,11,15
6799,treatment,3,5
7813,treatment,1,5
1681,control,8,3
6716,treatment,7,7
634,control,1,6
2570,control,12,15
7360,treatment,17,21
2167,control,14,17
8170,treatment,11,15
8846,treatment,12,14
2826,control,10,11
4088,control,0,1
6244,treatment,15,9
8365,treatment,11,6
3942,control,16,11
9180,treatment,9,14
8076,treatment,9,3
9196,treatment,7,6
4129,control,3,6
1173,control,5,11
8669,treatment,9,6
4223,control,17,22
4835,control,4,4
2577,control,7,3
1990,control,10,6
6974,treatment,8,11
5837,treatment,18,15
4533,control,21,15
3210,control,5,8
3856,control,4,1
2629,control,9,8
7804,treatment,2,5
1411,control,8,6
8258,treatment,5,19
7387,treatment,13,7
4304,control,12,7
6751,treatment,11,17
6556,treatment,5,10
816,control,12,11
2405,control,13,7
5398,treatment,8,15
9957,treatment,7,15
2132,control,17,19
1798,control,5,13
3091,control,14,17
4185,control,11,9
4565,control,19,11
5031,treatment,18,14
8049,treatment,16,14
123,control,12,12
180,control,5,15
9251,treatment,8,13
8096,treatment,9,10
6430,treatment,7,5
9738,treatment,7,4
4993,control,9,3
1158,control,14,19
9004,treatment,2,6
1533,control,7,16
8993,treatment,8,7
7860,treatment,13,14
9111,treatment,12,13
1536,control,8,5
9260,treatment,8,3
5518,treatment,14,13
2606,control,7,9
6128,treatment,7,18
9142,treatment,19,20
7459,treatment,17,7
2178,control,17,13
7991,treatment,13,10
2352,control,15,13
9178,treatment,13,16
3503,control,6,10
2135,control,5,6
1481,control,11,9
2794,control,6,7
4844,control,8,6
9781,treatment,3,18
9935,treatment,8,11
4763,control,10,11
7192,treatment,6,7
6042,treatment,14,7
9637,treatment,7,12
3446,control,13,6
8150,treatment,15,11
7766,treatment,9,13
3621,control,8,7
1953,control,4,3
556,control,6,14
4265,control,4,5
1164,control,3,4
1585,control,8,7
6152,treatment,6,8
9721,treatment,20,16
5838,treatment,8,8
5262,treatment,14,9
5240,treatment,8,9
7914,treatment,4,2
9163,treatment,18,22
1599,control,12,26
7183,treatment,9,10
301,control,16,13
9661,treatment,13,12
6948,treatment,9,12
3795,control,4,3
4573,control,10,9
4336,control,10,9
2859,control,6,5
5695,treatment,23,8
3143,control,7,7
1360,control,9,7
4534,control,2,5
9750,treatment,9,15
5688,treatment,13,21
487,control,8,8
7837,treatment,6,6
9555,treatment,11,7
5901,treatment,14,8
8117,treatment,11,19
7363,treatment,12,8
1153,control,12,16
5383,treatment,8,6
9742,treatment,15,11
5425,treatment,10,16
8808,treatment,7,9
5187,treatment,16,11
8410,treatment,10,12
6190,treatment,7,9
9703,treatment,15,9
8270,treatment,19,13
5315,treatment,14,7
9904,treatment,13,12
666,control,4,6
3354,control,9,6
8852,treatment,14,11
8062,treatment,8,5
643,control,19,21
9243,treatment,5,4
177,control,20,17
6432,treatment,13,16
9911,treatment,9,9
3439,control,11,7
787,control,10,9
6392,treatment,4,5
9066,treatment,18,16
9928,treatment,25,8
3203,control,10,8
4804,control,10,13
7836,treatment,2,9
7941,treatment,7,11
92,control,12,5
5763,treatment,6,9
9028,treatment,3,6
9505,treatment,10,14
8238,treatment,9,9
1972,control,12,11
2906,control,9,14
531,control,6,15
3636,control,7,0
997,control,10,16
5853,treatment,12,16
4227,control,7,13
5617,treatment,13,4
2313,control,15,10
2155,control,9,8
5318,treatment,20,15
1428,control,10,13
8631,treatment,9,9
6033,treatment,18,22
4416,control,1,2
8819,treatment,9,8
3086,control,9,15
7799,treatment,15,17
9154,treatment,17,9
8210,treatment,18,12
9574,treatment,11,6
9535,treatment,7,14
496,control,11,18
3750,control,13,16
2322,control,11,18
4268,control,16,14
3406,control,5,4
152,control,6,5
7370,treatment,9,12
695,control,7,7
4418,control,10,12
5698,treatment,2,14
1739,control,7,5
3002,control,16,12
168,control,14,16
6112,treatment,11,14
4623,control,20,12
2866,control,9,3
8545,treatment,16,18
4703,control,3,5
2884,control,18,14
3032,control,10,10
8184,treatment,10,4
8981,treatment,7,11
8529,treatment,5,7
5682,treatment,18,20
7210,treatment,11,5
5992,treatment,15,13
2277,control,2,4
7133,treatment,9,14
5706,treatment,18,12
7999,treatment,11,12
5293,treatment,5,12
4305,control,10,16
7446,treatment,16,13
429,control,3,4
7069,treatment,10,10
6365,treatment,7,13
4216,control,9,16
427,control,10,15
2224,control,6,8
101,control,8,12
9245,treatment,9,5
3308,control,18,9
2763,control,8,9
5858,treatment,6,13
4739,control,12,12
7093,treatment,16,13
9633,treatment,11,6
3287,control,7,5
7713,treatment,16,14
7869,treatment,8,11
6068,treatment,14,14
9236,treatment,9,12
3578,control,16,11
1466,control,12,10
7676,treatment,2,5
2235,control,4,4
1745,control,12,8
9755,treatment,7,6
6095,treatment,9,11
8782,treatment,15,19
9402,treatment,15,12
8372,treatment,4,13
5028,treatment,10,10
9235,treatment,15,12
3945,control,18,15
6863,treatment,15,16
5351,treatment,8,8
9423,treatment,12,9
2122,control,14,16
4973,control,19,9
8577,treatment,3,5
3785,control,9,18
6873,treatment,13,8
917,control,20,15
9395,treatment,2,6
7253,treatment,2,3
8013,treatment,11,12
5822,treatment,11,5
4404,control,16,16
4864,control,13,16
8516,treatment,3,0
5423,treatment,8,13
7734,treatment,3,8
1204,control,9,13
3769,control,16,12
5358,treatment,9,18
3853,control,4,4
1927,control,10,7
3115,control,10,13
2642,control,3,6
7640,treatment,11,12
7361,treatment,7,9
8183,treatment,17,18
7611,treatment,14,9
2729,control,16,19
9598,treatment,6,12
4986,control,13,10
6847,treatment,17,6
7699,treatment,7,6
4013,control,18,11
2627,control,15,15
7239,treatment,22,18
8256,treatment,10,13
9566,treatment,9,12
806,control,11,15
4635,control,14,9
5248,treatment,5,8
5567,treatment,19,20
5740,treatment,14,15
5144,treatment,11,25
8266,treatment,9,14
4460,control,12,12
1243,control,12,25
6946,treatment,23,14
5741,treatment,13,13
5326,treatment,21,19
548,control,7,9
3023,control,10,8
5762,treatment,8,14
4032,control,10,6
27,control,5,6
4953,control,10,12
5153,treatment,4,11
2509,control,8,15
1434,control,7,2
2583,control,5,11
1303,control,13,13
5813,treatment,10,14
7350,treatment,10,17
5282,treatment,6,10
6115,treatment,15,8
1222,control,18,14
7436,treatment,1,1
2549,control,6,5
751,control,3,10
438,control,10,4
4372,control,6,5
4449,control,18,15
2848,control,6,7
1174,control,5,4
7496,treatment,18,16
2700,control,9,5
9889,treatment,6,7
9507,treatment,6,12
6396,treatment,6,14
2482,control,6,9
5457,treatment,1,1
8445,treatment,11,18
2707,control,6,9
4662,control,5,8
327,control,4,4
1040,control,9,16
2638,control,16,8
5023,treatment,8,6
2500,control,11,13
1005,control,12,14
2862,control,12,11
3234,control,9,13
1871,control,17,12
4246,control,9,8
6928,treatment,15,9
8386,treatment,15,11
535,control,6,1
9828,treatment,10,7
7149,treatment,15,21
7366,treatment,14,12
586,control,10,20
9915,treatment,9,10
3036,control,12,16
4429,control,13,16
4090,control,18,16
1704,control,0,1
4296,control,14,11
5720,treatment,12,9
492,control,7,9
6900,treatment,4,3
4354,control,4,2
2837,control,15,13
2267,control,13,12
7719,treatment,8,13
9524,treatment,14,10
8023,treatment,12,13
4708,control,14,8
9844,treatment,11,18
2901,control,10,13
9619,treatment,2,8
2945,control,5,14
1917,control,7,3
3186,control,1,6
8627,treatment,13,12
9435,treatment,11,16
7256,treatment,8,13
4247,control,13,11
8616,treatment,8,9
5147,treatment,15,10
8566,treatment,7,7
2519,control,14,16
398,control,15,13
1318,control,11,13
4561,control,18,12
122,control,11,13
2450,control,19,10
8856,treatment,8,8
8109,treatment,0,0
1567,control,7,8
1985,control,8,5
4334,control,15,20
7911,treatment,5,12
9287,treatment,14,10
3919,control,10,10
2174,control,3,3
3284,control,16,13
8496,treatment,6,11
8585,treatment,9,13
2334,control,9,9
574,control,2,7
3661,control,10,8
9076,treatment,9,10
982,control,4,3
9371,treatment,22,14
1408,control,11,12
536,control,12,17
4316,control,11,15
4599,control,11,17
8623,treatment,12,14
8759,treatment,7,11
1435,control,8,10
6995,treatment,10,16
2580,control,19,20
9404,treatment,14,8
3270,control,5,8
9554,treatment,10,9
3839,control,8,10
1868,control,21,11
1455,control,15,16
1787,control,10,19
9913,treatment,9,11
7096,treatment,17,16
2522,control,11,14
4440,control,9,10
1821,control,0,2
5616,treatment,9,5
2930,control,4,7
52,control,14,5
4727,control,11,4
5717,treatment,7,10
5466,treatment,13,15
470,control,6,10
2630,control,14,7
6514,treatment,10,11
7468,treatment,9,19
3946,control,9,10
6205,treatment,9,8
4263,control,3,8
1859,control,15,19
9533,treatment,6,6
866,control,12,15
6391,treatment,7,11
7213,treatment,14,14
4922,control,16,14
8102,treatment,5,8
4793,control,10,14
8855,treatment,21,19
6251,treatment,13,10
5937,treatment,5,5
426,control,7,8
189,control,12,7
5630,treatment,18,14
4360,control,23,15
229,control,2,5
7758,treatment,9,20
7678,treatment,6,9
2742,control,15,11
1042,control,14,9
4076,control,5,5
9141,treatment,13,15
6119,treatment,8,7
6903,treatment,12,8
472,control,8,6
2922,control,13,10
1906,control,8,7
8877,treatment,12,12
802,control,7,5
1488,control,2,2
8442,treatment,15,24
228,control,18,14
7891,treatment,11,12
1129,control,8,8
5071,treatment,7,4
9167,treatment,5,6
2209,control,16,18
7994,treatment,4,5
9843,treatment,3,7
6560,treatment,11,12
9922,treatment,20,18
3154,control,13,13
4442,control,0,2
7506,treatment,9,6
8958,treatment,17,12
6216,treatment,9,10
9599,treatment,10,6
2145,control,9,8
7412,treatment,3,2
8930,treatment,12,5
2375,control,8,9
2578,control,3,7
1633,control,10,12
4833,control,7,4
2299,control,6,14
5034,treatment,6,9
157,control,3,11
8047,treatment,0,1
6707,treatment,7,7
3350,control,4,8
2880,control,9,12
3414,control,12,13
7769,treatment,15,18
4190,control,21,22
9611,treatment,6,4
9735,treatment,10,7
7252,treatment,11,11
7614,treatment,12,5
6920,treatment,9,9
9682,treatment,12,11
9672,treatment,5,3
4795,control,8,15
5655,treatment,9,10
2496,control,22,13
7305,treatment,16,7
2373,control,9,14
4092,control,10,15
9472,treatment,4,6
3462,control,4,3
7007,treatment,6,4
5392,treatment,6,4
7173,treatment,3,10
5697,treatment,13,11
5665,treatment,16,17
4504,control,15,10
2551,control,1,3
4716,control,16,7
848,control,12,15
3345,control,5,7
939,control,19,13
4826,control,9,3
9694,treatment,23,28
8864,treatment,5,5
8611,treatment,17,26
5355,treatment,9,9
5478,treatment,19,13
9724,treatment,8,9
757,control,14,3
4751,control,14,22
2645,control,17,12
4163,control,13,5
8649,treatment,8,3
3166,control,6,11
6498,treatment,16,14
5988,treatment,8,9
3874,control,6,2
7752,treatment,10,12
6524,treatment,13,11
3419,control,8,13
9905,treatment,9,7
2062,control,22,18
550,control,10,7
4454,control,10,7
2813,control,12,7
8778,treatment,5,5
8996,treatment,11,14
2550,control,11,14
6070,treatment,8,7
3170,control,2,7
7055,treatment,6,13
4829,control,13,16
9571,treatment,15,14
1260,control,7,3
8713,treatment,18,11
3662,control,17,5
7923,treatment,5,6
1025,control,0,0
4966,control,7,11
753,control,4,6
3943,control,4,5
3711,control,13,16
9961,treatment,5,8
1952,control,10,14
6315,treatment,17,15
352,control,18,15
1512,control,13,16
4830,control,2,1
9617,treatment,10,13
3747,control,2,4
5800,treatment,13,13
702,control,16,9
3694,control,3,7
4615,control,12,7
7214,treatment,8,8
562,control,14,14
2319,control,23,19
3099,control,13,12
4839,control,16,12
3151,control,10,6
5609,treatment,14,18
4300,control,14,12
4619,control,23,21
4075,control,6,6
3995,control,13,8
6374,treatment,9,9
6168,treatment,0,0
1048,control,10,15
2940,control,7,4
1809,control,4,10
3167,control,10,7
415,control,11,7
1341,control,7,5
9372,treatment,7,8
7741,treatment,11,9
5061,treatment,7,11
4634,control,8,4
4610,control,10,11
7367,treatment,7,6
1470,control,5,0
1711,control,14,12
6271,treatment,10,20
8733,treatment,10,14
2272,control,4,4
1584,control,7,11
1413,control,4,5
4112,control,18,17
7653,treatment,13,9
6694,treatment,7,18
1723,control,5,7
2025,control,5,2
2213,control,11,21
1508,control,7,9
2623,control,20,18
5291,treatment,8,8
9129,treatment,15,18
1322,control,11,9
843,control,10,21
1147,control,14,11
3625,control,9,5
4281,control,15,18
9011,treatment,18,13
8987,treatment,7,7
4682,control,7,9
464,control,2,1
1755,control,12,11
3937,control,12,14
7934,treatment,11,5
9461,treatment,12,7
4402,control,8,7
4701,control,11,12
8992,treatment,0,0
379,control,12,20
3107,control,15,13
8216,treatment,8,13
1336,control,15,19
1224,control,9,11
3849,control,16,12
2717,control,8,9
6838,treatment,6,10
2953,control,5,11
1351,control,8,12
1083,control,20,12
6454,treatment,9,17
1812,control,1,5
4122,control,12,12
1352,control,24,6
7818,treatment,6,7
8797,treatment,12,20
1895,control,9,15
6640,treatment,7,12
566,control,16,18
3904,control,8,6
7101,treatment,21,18
3674,control,0,1
4367,control,10,12
7546,treatment,16,11
1213,control,5,12
1190,control,9,8
3956,control,2,4
899,control,14,9
4787,control,5,0
8093,treatment,17,11
4603,control,8,15
8897,treatment,16,21
3455,control,15,18
3610,control,14,8
8158,treatment,3,7
8766,treatment,6,13
9678,treatment,16,9
7573,treatment,10,8
3910,control,4,2
4029,control,5,4
3932,control,13,17
2333,control,11,12
7303,treatment,11,4
2263,control,10,9
9261,treatment,14,15
5782,treatment,3,7
2596,control,9,13
7201,treatment,10,18
3594,control,10,15
5217,treatment,7,7
1031,control,20,18
7434,treatment,11,13
7878,treatment,13,15
8824,treatment,8,13
8237,treatment,9,10
5734,treatment,9,9
5379,treatment,11,13
7763,treatment,5,9
1756,control,14,21
7356,treatment,6,7
4162,control,6,5
232,control,8,12
8105,treatment,10,7
111,control,15,9
5458,treatment,16,17
6709,treatment,21,18
2515,control,16,9
5962,treatment,2,4
4280,control,6,5
4721,control,0,0
2918,control,10,17
9391,treatment,8,12
2993,control,10,8
2318,control,9,11
4848,control,12,17
4293,control,8,7
6992,treatment,7,14
1516,control,14,7
217,control,11,15
9214,treatment,15,19
9062,treatment,13,13
8418,treatment,12,6
2264,control,12,6
5327,treatment,20,11
6841,treatment,17,13
8499,treatment,14,19
6011,treatment,3,6
894,control,10,9
1491,control,11,3
3004,control,4,4
1851,control,6,8
5200,treatment,3,13
6381,treatment,6,11
325,control,15,16
1216,control,3,7
2900,control,13,10
2934,control,10,18
3659,control,8,8
8679,treatment,7,7
6674,treatment,2,5
7973,treatment,5,4
8587,treatment,11,15
6170,treatment,16,22
9725,treatment,4,12
1130,control,3,2
8857,treatment,8,6
2919,control,10,2
3903,control,7,5
7948,treatment,4,11
9098,treatment,11,27
3828,control,18,11
4924,control,7,6
209,control,4,4
3255,control,10,7
2796,control,13,14
5107,treatment,12,18
9012,treatment,8,12
799,control,16,16
9106,treatment,16,11
735,control,12,11
2245,control,14,7
179,control,8,7
5831,treatment,4,8
7009,treatment,4,5
1175,control,13,12
6643,treatment,8,5
5849,treatment,11,11
1832,control,6,10
7996,treatment,11,7
9280,treatment,11,5
7898,treatment,13,8
8598,treatment,12,21
8523,treatment,7,9
199,control,6,15
7929,treatment,4,6
7077,treatment,19,16
9285,treatment,14,13
1098,control,13,17
549,control,17,11
6909,treatment,11,10
8230,treatment,12,13
4707,control,11,7
6913,treatment,9,21
3370,control,18,9
7584,treatment,1,1
2533,control,8,7
4056,control,13,12
2315,control,10,16
6654,treatment,6,5
6886,treatment,10,8
5938,treatment,12,22
2816,control,5,8
3438,control,13,6
3881,control,14,7
4158,control,15,10
67,control,10,13
7867,treatment,7,11
617,control,8,21
1119,control,11,10
3261,control,7,9
3402,control,9,19
3693,control,5,3
938,control,9,11
6605,treatment,16,12
2573,control,15,12
7537,treatment,22,24
6325,treatment,12,12
623,control,10,9
1682,control,9,8
2127,control,23,16
788,control,7,10
3333,control,1,1
7237,treatment,23,13
1093,control,22,19
9104,treatment,9,19
5021,treatment,8,7
9354,treatment,8,10
5945,treatment,10,16
3281,control,25,17
8187,treatment,16,14
2202,control,6,7
1161,control,3,5
5582,treatment,13,6
3593,control,13,18
3953,control,8,10
9692,treatment,12,18
6248,treatment,7,8
4154,control,9,10
479,control,6,11
1353,control,6,2
4310,control,0,0
5699,treatment,9,8
2648,control,11,10
8461,treatment,6,8
8199,treatment,5,8
7690,treatment,8,7
9258,treatment,15,16
2590,control,9,10
1034,control,18,9
4687,control,8,5
5012,treatment,5,6
2599,control,5,3
5820,treatment,18,10
4609,control,4,5
8471,treatment,14,12
9041,treatment,10,17
7451,treatment,0,1
4672,control,9,13
5584,treatment,0,7
3718,control,9,12
9328,treatment,10,6
3929,control,4,7
3618,control,5,6
1426,control,7,3
9379,treatment,13,19
2920,control,14,15
3820,control,8,20
1872,control,1,3
5488,treatment,7,9
481,control,13,9
5973,treatment,10,12
9601,treatment,11,13
2889,control,8,4
6687,treatment,11,11
6316,treatment,13,22
528,control,12,13
4130,control,6,4
723,control,0,1
5121,treatment,10,5
4723,control,9,6
221,control,13,11
9189,treatment,7,8
1936,control,23,19
345,control,18,20
8333,treatment,12,20
9675,treatment,21,13
4484,control,13,9
9707,treatment,8,11
8487,treatment,13,9
9217,treatment,5,4
6904,treatment,11,14
9155,treatment,19,10
5961,treatment,11,9
7035,treatment,6,10
6052,treatment,7,6
2392,control,11,15
7182,treatment,8,9
4329,control,9,14
6453,treatment,12,9
1984,control,10,9
8247,treatment,10,13
1555,control,1,3
4851,control,15,6
9096,treatment,1,7
9923,treatment,8,5
7533,treatment,3,6
6854,treatment,4,7
4642,control,9,9
2882,control,9,8
1678,control,13,14
4886,control,6,8
1965,control,5,5
902,control,11,9
7131,treatment,4,7
3069,control,23,19
2297,control,18,21
6238,treatment,6,5
5863,treatment,2,7
297,control,23,7
8779,treatment,14,12
58,control,16,13
7243,treatment,12,12
4386,control,3,11
2985,control,1,6
28,control,18,12
4408,control,10,9
9878,treatment,5,4
2677,control,12,23
8546,treatment,4,7
5263,treatment,13,11
5842,treatment,11,5
7022,treatment,18,16
3249,control,12,13
5668,treatment,12,15
3885,control,12,12
7664,treatment,5,7
296,control,9,10
3162,control,13,8
2581,control,6,5
3871,control,11,12
9211,treatment,16,13
4405,control,12,10
6953,treatment,20,13
649,control,14,10
1371,control,10,5
9856,treatment,6,11
6993,treatment,5,10
5533,treatment,11,11
9621,treatment,6,6
5709,treatment,6,9
4210,control,11,9
682,control,12,6
435,control,7,19
9310,treatment,3,5
4825,control,19,8
9762,treatment,0,0
3160,control,7,7
1490,control,9,9
2988,control,13,19
813,control,12,11
1883,control,8,8
9268,treatment,9,10
4937,control,5,8
9936,treatment,10,11
1941,control,5,8
3297,control,13,20
3535,control,18,12
4526,control,2,8
3730,control,6,10
7016,treatment,5,5
1613,control,7,11
1182,control,7,12
1376,control,9,18
9225,treatment,13,7
3947,control,9,23
7211,treatment,8,11
5212,treatment,18,18
64,control,15,12
627,control,11,11
4422,control,13,13
1670,control,9,10
2113,control,23,15
5805,treatment,6,6
9764,treatment,26,10
4033,control,14,12
6546,treatment,9,14
7949,treatment,7,12
85,control,4,6
9181,treatment,3,5
1463,control,6,3
2284,control,9,13
2888,control,7,12
5835,treatment,10,10
685,control,9,16
4470,control,6,8
419,control,8,12
5229,treatment,8,12
4254,control,5,5
2710,control,13,13
2358,control,14,12
8060,treatment,11,14
1367,control,2,3
6278,treatment,15,22
3917,control,8,5
294,control,0,0
2640,control,3,8
9459,treatment,10,17
1507,control,3,1
9038,treatment,14,17
7394,treatment,7,10
1635,control,7,8
2458,control,8,7
9892,treatment,7,10
5559,treatment,8,11
9752,treatment,12,18
2301,control,5,7
4538,control,8,11
2939,control,6,16
1564,control,4,7
5690,treatment,6,6
8659,treatment,18,18
7518,treatment,11,9
1980,control,13,16
1884,control,12,8
3804,control,4,8
439,control,7,4
4636,control,6,5
4529,control,11,14
4333,control,17,26
3574,control,11,10
8742,treatment,7,6
8912,treatment,0,6
4818,control,9,7
6436,treatment,11,9
2987,control,11,7
7839,treatment,9,8
705,control,11,12
2281,control,17,19
8735,treatment,9,7
4148,control,14,20
5413,treatment,4,9
374,control,12,13
6406,treatment,16,17
9224,treatment,9,6
2586,control,14,14
1333,control,24,15
9573,treatment,11,12
5283,treatment,3,8
9132,treatment,1,7
8316,treatment,10,16
9810,treatment,1,7
1785,control,20,9
3183,control,8,11
495,control,11,4
7364,treatment,22,15
2861,control,2,2
7930,treatment,15,21
4042,control,12,9
7179,treatment,15,7
2898,control,18,10
367,control,9,4
850,control,14,16
7441,treatment,7,8
9455,treatment,13,18
4302,control,8,9
2654,control,8,8
3504,control,4,4
1542,control,16,17
4166,control,9,15
8867,treatment,23,15
323,control,16,9
2032,control,5,7
814,control,9,5
8940,treatment,4,5
9376,treatment,12,9
1080,control,22,12
2227,control,15,9
9137,treatment,15,13
9532,treatment,2,2
2706,control,5,14
6825,treatment,14,7
7557,treatment,7,12
1165,control,6,9
3262,control,2,5
4688,control,5,8
1451,control,8,7
3863,control,7,5
6104,treatment,20,17
9216,treatment,15,20
7121,treatment,16,15
6399,treatment,3,6
9589,treatment,8,10
6215,treatment,15,12
9646,treatment,5,6
5337,treatment,14,12
4057,control,12,11
9512,treatment,8,7
3000,control,4,10
9025,treatment,13,14
1232,control,8,11
1515,control,6,4
2314,control,15,9
1452,control,15,7
5268,treatment,1,2
6132,treatment,8,9
8532,treatment,11,9
6465,treatment,8,6
839,control,21,19
9916,treatment,6,14
8262,treatment,11,9
6415,treatment,4,3
8505,treatment,3,2
3568,control,7,6
9265,treatment,17,28
3088,control,2,4
8644,treatment,4,3
1715,control,9,6
340,control,13,14
9564,treatment,9,12
5943,treatment,10,12
9870,treatment,2,9
8103,treatment,0,7
8489,treatment,11,10
589,control,8,8
3366,control,7,7
2671,control,10,9
3590,control,3,9
35,control,12,11
29,control,12,13
8554,treatment,16,12
8118,treatment,2,5
2171,control,5,7
8378,treatment,8,9
5621,treatment,24,21
890,control,4,8
6490,treatment,5,7
3323,control,9,9
9397,treatment,23,18
3515,control,11,14
4421,control,12,14
8352,treatment,7,10
5362,treatment,15,16
3734,control,16,12
9464,treatment,20,26
7082,treatment,17,15
1655,control,12,7
5033,treatment,9,17
224,control,9,4
8626,treatment,10,16
6195,treatment,6,10
1591,control,0,5
5983,treatment,14,15
3257,control,9,4
6681,treatment,9,16
4771,control,6,9
2182,control,7,8
6804,treatment,20,10
4914,control,3,6
6787,treatment,3,2
4790,control,15,13
1210,control,10,12
422,control,8,8
8741,treatment,12,9
1707,control,14,7
1159,control,0,0
2307,control,19,20
274,control,16,14
172,control,9,11
3957,control,9,7
6697,treatment,8,10
3189,control,5,8
8133,treatment,8,6
4809,control,9,7
8084,treatment,9,7
1565,control,5,3
1783,control,0,0
844,control,15,9
9346,treatment,10,13
4462,control,8,12
905,control,6,7
5912,treatment,12,19
9951,treatment,4,11
9298,treatment,18,14
1548,control,5,6
2081,control,11,11
9882,treatment,15,14
3986,control,12,4
6390,treatment,12,13
7580,treatment,8,14
9246,treatment,4,10
6568,treatment,7,9
8207,treatment,4,6
3821,control,17,10
2647,control,14,15
4455,control,12,16
7160,treatment,4,6
8222,treatment,9,11
8597,treatment,11,14
9590,treatment,15,13
6072,treatment,9,3
2156,control,5,17
6713,treatment,9,6
3716,control,6,4
4058,control,16,9
5953,treatment,2,4
3103,control,11,13
559,control,6,4
4611,control,10,6
6979,treatment,19,25
1437,control,6,11
508,control,16,18
1870,control,15,12
756,control,11,13
5420,treatment,5,4
4051,control,15,17
8090,treatment,10,9
3837,control,12,12
2119,control,14,10
6153,treatment,3,6
7809,treatment,11,15
502,control,18,11
6260,treatment,6,6
9744,treatment,9,11
1540,control,11,16
6142,treatment,14,11
1212,control,9,8
9123,treatment,7,11
673,control,6,5
3378,control,8,10
8784,treatment,0,1
1465,control,11,12
1193,control,10,11
6985,treatment,10,6
1873,control,6,12
3591,control,6,7
6727,treatment,11,14
506,control,11,10
8119,treatment,5,5
507,control,19,25
9450,treatment,6,5
7132,treatment,5,13
4808,control,7,3
7304,treatment,9,12
1774,control,18,20
6855,treatment,7,6
4907,control,15,10
798,control,18,12
8786,treatment,11,7
7071,treatment,9,10
2830,control,25,16
9320,treatment,1,1
8738,treatment,14,16
313,control,11,17
747,control,19,15
3570,control,20,9
791,control,4,7
2477,control,2,2
9326,treatment,12,11
2571,control,15,18
5287,treatment,4,8
5216,treatment,7,6
2164,control,12,9
6578,treatment,2,3
8450,treatment,17,16
381,control,12,13
8509,treatment,9,12
1293,control,7,4
1913,control,15,13
600,control,2,4
3893,control,0,2
4142,control,26,31
1653,control,15,15
5225,treatment,12,21
1894,control,0,1
1945,control,16,8
3396,control,11,14
5480,treatment,10,5
9770,treatment,4,3
376,control,19,21
1967,control,15,19
3958,control,16,23
7136,treatment,13,22
7479,treatment,0,2
4506,control,12,13
9581,treatment,3,6
5289,treatment,9,12
1472,control,24,12
3347,control,8,14
6254,treatment,12,7
2854,control,11,11
8989,treatment,7,9
9776,treatment,12,9
6460,treatment,12,13
4063,control,6,4
5864,treatment,16,18
4307,control,10,5
4878,control,9,10
7250,treatment,10,6
5274,treatment,5,11
3991,control,12,13
1050,control,11,9
6176,treatment,12,11
6927,treatment,4,0
7865,treatment,9,6
2036,control,19,11
4040,control,7,6
6876,treatment,14,18
9355,treatment,8,8
1973,control,15,6
5073,treatment,20,16
2100,control,16,12
1500,control,8,8
9613,treatment,11,10
653,control,17,24
171,control,6,4
4086,control,10,12
243,control,4,1
5711,treatment,14,15
6973,treatment,8,3
2757,control,12,15
6885,treatment,2,11
5447,treatment,5,5
2077,control,8,10
4104,control,19,20
9560,treatment,0,2
7572,treatment,16,18
9467,treatment,7,13
4895,control,8,7
6693,treatment,2,9
8055,treatment,9,15
5390,treatment,9,8
9374,treatment,14,12
8022,treatment,7,7
8605,treatment,19,22
4481,control,13,10
8327,treatment,4,14
4079,control,5,8
641,control,2,3
1271,control,16,18
2779,control,9,8
9498,treatment,18,25
3862,control,17,19
3481,control,11,7
1535,control,17,15
326,control,15,11
2339,control,11,11
3981,control,15,13
6878,treatment,12,3
4055,control,8,13
2238,control,6,13
7107,treatment,7,8
9669,treatment,16,16
4746,control,9,5
865,control,5,10
6204,treatment,15,11
5509,treatment,13,1
7430,treatment,10,16
372,control,16,15
6297,treatment,4,8
5552,treatment,10,6
5724,treatment,24,31
5900,treatment,9,16
9288,treatment,3,7
7872,treatment,6,15
2365,control,23,16
3214,control,6,5
912,control,12,14
9048,treatment,30,22
9791,treatment,13,14
7290,treatment,10,16
9959,treatment,10,7
6537,treatment,7,8
9193,treatment,1,7
1424,control,13,8
9808,treatment,7,15
480,control,17,18
663,control,5,7
4477,control,7,6
8983,treatment,2,0
8078,treatment,13,18
2989,control,10,14
1120,control,13,5
2777,control,14,9
9836,treatment,4,5
5004,treatment,13,12
6650,treatment,3,4
7255,treatment,8,14
4428,control,2,3
7432,treatment,11,12
3982,control,9,6
6352,treatment,7,5
2894,control,8,8
2670,control,6,7
3978,control,3,9
5260,treatment,10,21
280,control,7,12
6731,treatment,9,15
6105,treatment,9,20
7021,treatment,11,16
1695,control,5,5
8913,treatment,8,3
3480,control,12,8
4417,control,13,11
7593,treatment,9,16
6283,treatment,14,15
5604,treatment,11,10
8620,treatment,14,15
7781,treatment,12,11
4297,control,13,5
4594,control,8,6
4845,control,7,9
2210,control,8,10
7606,treatment,15,10
5502,treatment,0,1
185,control,10,15
4801,control,16,5
4846,control,13,15
2351,control,11,12
554,control,12,23
1398,control,10,8
1385,control,3,0
9183,treatment,14,12
9818,treatment,7,12
298,control,6,10
444,control,10,20
7339,treatment,9,4
2078,control,8,12
7816,treatment,0,1
2230,control,20,8
2843,control,12,17
2538,control,4,5
8146,treatment,10,8
9537,treatment,10,6
6444,treatment,8,8
3368,control,7,15
4487,control,22,14
2579,control,11,8
1132,control,9,6
4819,control,12,15
321,control,10,17
1372,control,15,21
4043,control,14,9
9126,treatment,7,9
5146,treatment,7,17
908,control,9,3
9427,treatment,4,7
3951,control,8,3
6146,treatment,12,6
8887,treatment,14,8
6696,treatment,7,4
4978,control,11,16
6093,treatment,10,10
8409,treatment,16,11
927,control,11,11
6144,treatment,7,17
16,control,6,11
144,control,9,12
2364,control,15,15
130,control,6,5
1162,control,9,8
7552,treatment,12,15
6130,treatment,3,8
4666,control,19,13
5661,treatment,6,9
6461,treatment,15,18
1877,control,23,13
2489,control,20,11
5328,treatment,7,14
9362,treatment,5,5
1183,control,10,3
6136,treatment,10,12
6378,treatment,8,23
1171,control,6,7
2183,control,1,1
3372,control,5,4
8041,treatment,13,5
1860,control,4,6
4861,control,5,4
9256,treatment,4,8
8346,treatment,14,14
7348,treatment,9,10
4865,control,9,5
9887,treatment,9,8
6389,treatment,12,9
3122,control,11,6
388,control,11,17
7786,treatment,17,17
1033,control,8,9
7853,treatment,16,18
5419,treatment,11,5
932,control,10,12
4020,control,11,16
692,control,14,6
5299,treatment,11,14
6659,treatment,12,10
830,control,0,0
3499,control,10,9
2082,control,12,12
9441,treatment,7,15
45,control,21,15
3940,control,17,18
5258,treatment,3,4
8438,treatment,7,5
4320,control,24,18
2966,control,8,6
3970,control,15,10
1188,control,14,10
285,control,4,9
8874,treatment,12,10
4160,control,9,10
3093,control,15,17
4557,control,10,11
4585,control,7,13
4324,control,10,9
5505,treatment,8,11
7075,treatment,11,5
3365,control,13,6
8026,treatment,12,16
3196,control,19,13
8811,treatment,6,13
970,control,9,16
3735,control,10,6
926,control,18,16
9497,treatment,10,15
6452,treatment,14,17
8798,treatment,16,13
2852,control,11,14
5181,treatment,11,9
6724,treatment,3,4
9323,treatment,2,5
7811,treatment,17,13
4472,control,2,7
5169,treatment,15,10
4349,control,10,8
7904,treatment,4,8
3627,control,8,10
1790,control,19,20
8294,treatment,11,7
2060,control,4,8
4014,control,25,11
1903,control,14,12
5574,treatment,6,12
6926,treatment,3,10
76,control,8,10
2346,control,4,9
5485,treatment,13,6
431,control,5,8
4587,control,13,13
8100,treatment,14,22
8458,treatment,10,8
8157,treatment,11,10
7894,treatment,5,6
1554,control,9,7
241,control,5,4
784,control,19,19
3067,control,15,12
978,control,13,9
2942,control,9,12
5378,treatment,5,11
4731,control,14,9
1621,control,14,12
2147,control,7,7
1802,control,14,14
2096,control,8,20
6075,treatment,5,12
5246,treatment,4,11
1358,control,13,13
8064,treatment,15,4
6051,treatment,9,10
8369,treatment,14,10
6018,treatment,5,2
9932,treatment,13,13
8770,treatment,6,5
7504,treatment,9,8
1610,control,8,4
3097,control,14,17
9772,treatment,13,25
2416,control,18,14
2018,control,7,12
6019,treatment,11,21
4126,control,11,8
9803,treatment,10,11
3247,control,6,4
125,control,20,13
6426,treatment,13,19
5309,treatment,18,13
7464,treatment,6,8
9158,treatment,26,18
3342,control,9,12
599,control,12,15
2124,control,2,9
9499,treatment,17,14
7686,treatment,1,5
7050,treatment,12,21
9662,treatment,10,10
2198,control,9,11
4052,control,12,11
6055,treatment,8,11
3363,control,10,13
6852,treatment,12,20
726,control,13,13
4935,control,10,8
979,control,3,4
809,control,11,4
9604,treatment,12,10
1476,control,10,8
5936,treatment,6,5
9037,treatment,3,4
7336,treatment,17,22
3963,control,17,10
6423,treatment,0,0
4906,control,10,16
1236,control,8,15
1226,control,11,13
8050,treatment,19,15
9279,treatment,3,3
8672,treatment,10,14
5230,treatment,10,6
6951,treatment,11,21
3218,control,19,10
288,control,11,16
5024,treatment,4,6
2967,control,15,14
3165,control,7,16
6004,treatment,14,10
8888,treatment,4,3
1658,control,4,4
1976,control,11,7
2398,control,10,10
453,control,17,20
8031,treatment,8,10
4697,control,18,8
3682,control,12,15
423,control,7,5
9726,treatment,2,6
658,control,13,10
3302,control,20,12
6395,treatment,20,22
2846,control,6,2
8292,treatment,13,16
7498,treatment,8,12
1002,control,6,2
4199,control,3,4
2419,control,21,5
7483,treatment,11,8
5707,treatment,12,15
3848,control,20,22
962,control,10,15
1581,control,9,20
5008,treatment,15,10
2207,control,8,8
6313,treatment,4,4
9563,treatment,19,23
4232,control,16,13
758,control,13,17
2285,control,6,15
6664,treatment,6,10
4756,control,9,8
8212,treatment,4,11
808,control,1,4
6576,treatment,9,2
7720,treatment,10,6
1957,control,21,15
2446,control,21,16
5876,treatment,16,19
8164,treatment,14,19
6139,treatment,6,10
2403,control,17,8
1074,control,6,6
6558,treatment,7,9
4241,control,8,10
8510,treatment,8,15
2092,control,15,11
4528,control,7,10
7203,treatment,13,6
6796,treatment,15,22
7238,treatment,15,11
7423,treatment,6,15
6850,treatment,13,15
6837,treatment,11,13
1004,control,13,13
9100,treatment,9,9
6563,treatment,11,8
5615,treatment,12,18
4652,control,13,15
5314,treatment,12,6
1486,control,13,8
7608,treatment,4,6
1412,control,14,16
9304,treatment,14,8
710,control,10,14
9807,treatment,9,11
8043,treatment,9,9
7212,treatment,2,5
3077,control,6,8
8315,treatment,8,8
4102,control,10,11
5115,treatment,20,15
2723,control,1,2
9360,treatment,6,6
1269,control,9,22
2463,control,9,14
5465,treatment,7,11
269,control,4,12
3581,control,14,12
5350,treatment,5,9
7291,treatment,15,14
5158,treatment,8,11
6602,treatment,12,7
2822,control,6,11
5808,treatment,15,8
590,control,14,14
5956,treatment,16,11
5255,treatment,14,16
6662,treatment,21,18
7657,treatment,4,5
8726,treatment,19,12
6897,treatment,4,8
7595,treatment,17,10
2029,control,12,7
6819,treatment,13,13
678,control,10,14
5764,treatment,20,22
1233,control,8,5
5297,treatment,5,12
7104,treatment,6,22
5035,treatment,13,14
5453,treatment,22,16
2433,control,3,4
6320,treatment,16,18
6120,treatment,7,13
9159,treatment,9,7
9954,treatment,14,12
897,control,8,7
1612,control,9,8
6475,treatment,5,4
7662,treatment,19,21
7461,treatment,5,16
3807,control,8,3
8274,treatment,3,11
9452,treatment,7,9
4702,control,11,7
3962,control,17,23
5418,treatment,13,16
891,control,4,4
5000,control,8,8
7507,treatment,0,2
7882,treatment,7,10
5096,treatment,13,12
6933,treatment,11,7
9618,treatment,10,10
2800,control,3,7
585,control,8,14
3269,control,9,8
3933,control,10,12
1261,control,14,5
6206,treatment,5,2
311,control,18,27
7790,treatment,14,7
6459,treatment,9,7
6207,treatment,15,29
5883,treatment,7,10
4669,control,24,16
4299,control,16,20
3784,control,11,14
1009,control,11,15
8355,treatment,10,6
2186,control,9,5
3624,control,20,9
7040,treatment,7,3
4923,control,10,12
9674,treatment,16,22
7951,treatment,5,5
6126,treatment,4,3
4757,control,5,12
5075,treatment,22,16
91,control,12,9
5975,treatment,17,6
6419,treatment,15,9
8641,treatment,8,11
8691,treatment,7,3
2118,control,10,9
2938,control,19,15
6843,treatment,16,10
984,control,8,13
7261,treatment,10,4
9986,treatment,13,23
2926,control,11,15
6062,treatment,6,12
3215,control,11,16
6448,treatment,3,10
6780,treatment,19,20
7039,treatment,21,8
5664,treatment,7,5
628,control,12,12
8009,treatment,12,4
5126,treatment,17,11
4766,control,14,8
8144,treatment,15,8
9595,treatment,10,6
1270,control,14,16
129,control,13,13
6113,treatment,12,13
1712,control,0,0
7863,treatment,8,5
4236,control,11,14
5193,treatment,12,9
2399,control,9,10
5435,treatment,5,10
6058,treatment,4,9
9319,treatment,5,17
1187,control,6,7
6014,treatment,17,9
9794,treatment,2,4
6015,treatment,6,8
1978,control,15,8
9888,treatment,19,14
4248,control,9,12
7673,treatment,17,15
916,control,16,17
1306,control,0,0
5456,treatment,12,19
3050,control,8,17
9522,treatment,9,11
1274,control,16,5
8056,treatment,8,11
2797,control,13,14
1399,control,13,17
3359,control,1,6
184,control,9,14
6868,treatment,14,21
5696,treatment,23,22
8836,treatment,2,5
9627,treatment,0,2
6171,treatment,25,18
6988,treatment,17,18
4568,control,10,19
8956,treatment,2,5
2657,control,5,12
8310,treatment,14,13
6858,treatment,18,17
1962,control,6,4
6384,treatment,9,8
8854,treatment,5,15
9974,treatment,0,1
1252,control,18,15
3177,control,17,10
7761,treatment,6,10
5014,treatment,18,14
9706,treatment,15,18
6540,treatment,10,6
3290,control,8,5
6449,treatment,9,7
8727,treatment,23,19
7612,treatment,7,7
6276,treatment,9,8
6888,treatment,7,13
1052,control,11,8
4070,control,2,1
6023,treatment,7,14
5553,treatment,12,11
273,control,3,3
2043,control,16,17
4764,control,14,17
8998,treatment,6,4
5205,treatment,4,5
9510,treatment,11,10
1087,control,4,8
8374,treatment,9,12
7733,treatment,4,7
7516,treatment,9,7
6679,treatment,8,15
4323,control,1,5
6947,treatment,16,21
7748,treatment,11,8
6773,treatment,13,8
5519,treatment,12,11
5118,treatment,7,9
6180,treatment,2,10
4710,control,5,10
8122,treatment,17,13
5970,treatment,19,13
6785,treatment,7,9
3479,control,9,8
8415,treatment,11,19
3925,control,9,13
1749,control,4,3
733,control,16,17
2554,control,3,0
5459,treatment,19,10
5874,treatment,10,6
2663,control,10,11
9399,treatment,7,5
6456,treatment,8,12
3114,control,10,15
3304,control,17,20
1345,control,5,6
1691,control,3,13
7181,treatment,7,9
6500,treatment,16,14
3309,control,7,7
1505,control,7,9
1807,control,9,11
8470,treatment,12,18
5370,treatment,12,17
3792,control,15,14
9521,treatment,8,7
7330,treatment,13,16
5910,treatment,10,17
6826,treatment,15,17
7264,treatment,9,9
1849,control,10,12
4513,control,16,16
2432,control,9,14
4661,control,4,5
8886,treatment,21,15
5585,treatment,6,8
143,control,2,1
8761,treatment,18,15
9212,treatment,6,10
5265,treatment,9,9
3410,control,13,11
1118,control,8,10
1757,control,12,20
498,control,13,13
8032,treatment,16,11
871,control,10,11
3358,control,8,14
913,control,17,16
722,control,14,12
2806,control,11,11
9944,treatment,7,12
887,control,19,12
9593,treatment,16,6
6588,treatment,12,17
8101,treatment,15,9
1521,control,4,6
8690,treatment,11,9
2747,control,15,15
6701,treatment,9,7
5776,treatment,10,10
315,control,13,15
1800,control,5,7
328,control,12,10
5643,treatment,17,12
4205,control,7,17
3130,control,12,9
6861,treatment,8,10
9906,treatment,6,6
3969,control,5,8
5744,treatment,11,12
6227,treatment,13,14
1974,control,18,18
337,control,7,7
2765,control,6,12
7661,treatment,4,10
276,control,12,13
2986,control,7,10
5647,treatment,6,6
5850,treatment,5,7
3478,control,12,12
7559,treatment,8,7
3559,control,12,11
2810,control,5,1
9114,treatment,10,12
4862,control,10,9
6587,treatment,22,20
3417,control,11,5
308,control,12,15
3909,control,6,9
349,control,4,1
827,control,11,11
9502,treatment,9,10
4483,control,12,7
6577,treatment,12,12
3683,control,16,8
5877,treatment,10,11
8388,treatment,11,22
2054,control,18,26
72,control,7,8
5508,treatment,9,5
8515,treatment,9,20
7511,treatment,17,17
8152,treatment,10,14
1667,control,10,14
7862,treatment,7,5
9160,treatment,15,22
5689,treatment,6,17
1446,control,12,13
5228,treatment,5,12
6983,treatment,9,11
1696,control,7,8
2893,control,4,4
1575,control,7,5
3204,control,18,10
4406,control,12,18
1631,control,4,4
8381,treatment,4,2
1882,control,20,19
8822,treatment,9,13
6464,treatment,14,11
849,control,6,10
9924,treatment,8,12
6189,treatment,15,16
5870,treatment,17,21
2878,control,4,6
187,control,17,8
3780,control,0,3
1831,control,21,10
8326,treatment,15,14
9242,treatment,10,14
6379,treatment,7,10
1235,control,19,10
6965,treatment,13,11
3916,control,6,6
447,control,16,7
845,control,13,11
8063,treatment,8,20
5403,treatment,5,6
2441,control,11,6
3104,control,22,10
8586,treatment,22,22
6792,treatment,9,9
5651,treatment,6,16
1295,control,11,14
5080,treatment,8,17
9017,treatment,7,3
5068,treatment,9,23
3443,control,9,8
8452,treatment,4,5
7274,treatment,11,8
6106,treatment,15,18
777,control,3,5
9717,treatment,4,5
2154,control,8,5
4921,control,11,10
5361,treatment,2,6
9736,treatment,4,8
5958,treatment,10,14
8412,treatment,9,12
8433,treatment,6,7
3184,control,14,17
6793,treatment,9,16
3200,control,8,11
9370,treatment,17,14
1290,control,9,13
4582,control,12,13
6193,treatment,1,6
8936,treatment,13,11
7150,treatment,12,9
9847,treatment,18,14
4107,control,0,1
4127,control,16,10
8301,treatment,13,20
3967,control,4,7
1880,control,1,2
8497,treatment,14,20
9300,treatment,8,15
6349,treatment,9,13
3588,control,9,12
7373,treatment,6,2
3866,control,6,5
8488,treatment,6,8
4132,control,6,5
1037,control,15,14
637,control,8,13
6154,treatment,6,10
4135,control,2,3
5339,treatment,6,11
1084,control,9,15
862,control,3,5
904,control,14,18
192,control,4,15
110,control,4,4
4456,control,29,27
1943,control,5,5
5857,treatment,13,12
4332,control,3,6
8542,treatment,8,6
2041,control,11,18
7332,treatment,15,26
7318,treatment,12,8
7780,treatment,16,14
4660,control,10,8
7314,treatment,8,9
2776,control,13,22
4146,control,2,3
2324,control,14,9
763,control,11,18
2618,control,12,11
2412,control,15,16
1095,control,6,5
6174,treatment,2,12
7049,treatment,13,10
9273,treatment,6,5
3136,control,9,8
7788,treatment,18,11
5041,treatment,11,12
3806,control,0,0
885,control,9,5
2655,control,12,8
5922,treatment,16,12
6188,treatment,13,10
8086,treatment,11,14
6743,treatment,8,6
7627,treatment,15,8
5681,treatment,9,7
7008,treatment,3,3
9687,treatment,15,11
2203,control,10,11
6108,treatment,18,11
6418,treatment,10,8
1263,control,18,13
8380,treatment,25,19
976,control,5,2
5832,treatment,15,10
4926,control,13,18
942,control,17,15
4724,control,7,11
2388,control,13,21
9729,treatment,6,3
5022,treatment,13,12
4392,control,16,10
5149,treatment,8,13
3222,control,13,14
3883,control,13,9
9439,treatment,21,14
6625,treatment,9,9
5919,treatment,11,9
2790,control,5,11
945,control,9,6
8909,treatment,8,13
1858,control,16,13
9081,treatment,8,9
4109,control,13,26
8514,treatment,5,8
3256,control,9,9
2691,control,3,2
9513,treatment,15,18
6962,treatment,15,18
1320,control,14,13
8883,treatment,8,5
9881,treatment,21,17
5163,treatment,12,18
5830,treatment,6,9
7954,treatment,16,10
5959,treatment,4,2
9272,treatment,11,12
3476,control,13,12
3506,control,10,13
4750,control,8,7
2478,control,14,8
9491,treatment,12,15
6616,treatment,15,10
7414,treatment,16,13
7587,treatment,13,8
5345,treatment,6,12
9864,treatment,21,14
7112,treatment,18,13
1875,control,2,2
8517,treatment,0,4
5271,treatment,14,17
5097,treatment,20,11
2905,control,12,3
571,control,6,1
1449,control,7,8
5965,treatment,25,24
6243,treatment,6,8
6348,treatment,11,4
7875,treatment,11,12
9817,treatment,13,10
3227,control,2,9
9745,treatment,3,2
3979,control,12,15
4384,control,4,6
7857,treatment,9,17
3540,control,3,8
5683,treatment,11,8
2828,control,9,18
7659,treatment,14,12
4997,control,17,7
1339,control,15,22
3263,control,11,12
6387,treatment,18,16
7952,treatment,15,12
651,control,19,17
2903,control,16,16
2259,control,20,10
7403,treatment,7,2
3522,control,10,12
2731,control,3,4
5497,treatment,8,10
4479,control,15,11
1597,control,10,12
7067,treatment,13,20
2585,control,14,14
5442,treatment,3,2
3197,control,2,3
8524,treatment,7,5
7683,treatment,7,16
5377,treatment,7,16
1259,control,24,18
5278,treatment,10,12
992,control,16,18
3505,control,11,12
114,control,3,2
920,control,5,2
2510,control,11,9
9405,treatment,5,11
166,control,3,10
5264,treatment,6,6
4604,control,8,17
950,control,0,0
4595,control,14,18
5728,treatment,9,11
3771,control,9,10
2507,control,28,15
5108,treatment,13,10
2851,control,4,12
6486,treatment,7,4
5363,treatment,13,25
7443,treatment,19,15
4447,control,11,16
4461,control,22,13
9514,treatment,9,9
2506,control,11,10
1115,control,14,6
8398,treatment,14,8
299,control,2,7
1676,control,7,3
3348,control,8,13
2736,control,11,8
7820,treatment,18,17
4989,control,11,8
9895,treatment,17,16
5818,treatment,14,9
4326,control,11,5
6720,treatment,4,11
8787,treatment,21,21
4551,control,12,17
8573,treatment,3,2
7848,treatment,11,13
2104,control,7,15
5814,treatment,15,12
9105,treatment,5,5
7454,treatment,4,5
1838,control,12,7
7903,treatment,20,10
8319,treatment,18,17
8724,treatment,11,8
608,control,10,10
8375,treatment,13,14
1094,control,11,16
6388,treatment,5,6
6506,treatment,11,20
8965,treatment,16,14
4488,control,2,4
161,control,6,2
204,control,10,12
7041,treatment,12,8
5894,treatment,13,12
4934,control,11,12
2935,control,4,8
7323,treatment,11,16
2436,control,5,4
1231,control,6,8
8676,treatment,6,4
3047,control,10,10
9655,treatment,24,22
8420,treatment,13,13
7667,treatment,12,14
6408,treatment,6,12
4252,control,8,6
5578,treatment,3,15
3294,control,11,13
4035,control,11,11
8113,treatment,8,9
4291,control,10,11
4335,control,13,8
5932,treatment,10,4
3878,control,8,12
5429,treatment,17,11
4754,control,6,2
4887,control,21,19
858,control,17,11
8234,treatment,18,13
8376,treatment,9,14
2562,control,12,11
3802,control,2,4
2641,control,9,14
9664,treatment,7,5
4491,control,24,17
2348,control,8,5
650,control,7,15
2782,control,6,8
5653,treatment,13,12
8544,treatment,15,11
8678,treatment,5,12
6434,treatment,17,12
616,control,5,7
8449,treatment,5,5
2576,control,16,11
54,control,7,7
3341,control,13,15
7038,treatment,10,7
1706,control,20,25
9061,treatment,16,11
9353,treatment,10,10
1494,control,0,5
9964,treatment,19,17
5633,treatment,0,0
804,control,10,3
4954,control,3,6
6934,treatment,7,15
7105,treatment,5,9
991,control,15,15
2775,control,14,14
7471,treatment,7,4
6420,treatment,10,13
3514,control,12,16
5479,treatment,13,22
8401,treatment,8,7
220,control,2,4
6970,treatment,16,12
1289,control,18,12
3164,control,16,9
4679,control,4,7
2619,control,6,7
3613,control,9,9
44,control,11,12
8095,treatment,6,6
8373,treatment,11,12
3793,control,10,7
3572,control,11,13
9981,treatment,6,4
1504,control,14,16
5557,treatment,12,8
9831,treatment,10,13
3440,control,20,13
1893,control,3,2
9324,treatment,7,9
5256,treatment,10,8
1956,control,7,9
5168,treatment,15,4
4815,control,10,12
6265,treatment,22,15
1506,control,13,13
671,control,17,13
8908,treatment,4,3
7056,treatment,1,6
898,control,4,9
6179,treatment,0,0
2667,control,4,14
3194,control,8,4
2891,control,9,7
7774,treatment,10,12
2622,control,5,7
6009,treatment,8,8
5957,treatment,6,6
3,control,10,13
2371,control,6,5
7915,treatment,13,11
1770,control,21,25
8507,treatment,9,12
6026,treatment,12,12
532,control,4,7
8725,treatment,14,16
8650,treatment,3,9
7874,treatment,8,10
8891,treatment,9,7
3121,control,11,15
9023,treatment,16,18
732,control,10,5
3407,control,9,13
2340,control,18,14
5968,treatment,8,8
6581,treatment,6,2
2566,control,3,6
7727,treatment,7,11
7821,treatment,8,11
6714,treatment,7,7
6996,treatment,19,10
6943,treatment,4,9
7795,treatment,25,11
8976,treatment,24,20
1256,control,11,6
2105,control,12,10
6735,treatment,12,14
9779,treatment,2,8
6225,treatment,9,12
9151,treatment,11,10
4995,control,13,9
8970,treatment,3,7
6840,treatment,9,11
5058,treatment,12,3
5847,treatment,14,13
4435,control,18,18
3485,control,8,16
9494,treatment,8,12
5319,treatment,2,1
3817,control,5,13
5730,treatment,7,4
8904,treatment,14,16
7841,treatment,15,8
9890,treatment,2,4
1622,control,7,9
9424,treatment,8,10
6308,treatment,8,9
9305,treatment,10,6
8903,treatment,2,11
1097,control,17,16
8058,treatment,12,18
9482,treatment,8,9
2464,control,9,2
8290,treatment,8,6
1789,control,8,11
251,control,10,11
9927,treatment,8,14
6192,treatment,14,11
9651,treatment,22,9
193,control,8,8
821,control,13,9
9628,treatment,12,14
5715,treatment,5,2
7196,treatment,18,21
5716,treatment,6,9
4401,control,9,4
9291,treatment,14,6
5389,treatment,7,11
4167,control,5,11
4952,control,5,5
2688,control,7,12
4391,control,11,11
5861,treatment,15,12
5982,treatment,12,21
4928,control,5,17
6736,treatment,12,16
2608,control,11,11
7467,treatment,14,4
239,control,6,6
4016,control,5,15
9263,treatment,18,12
2978,control,13,8
5713,treatment,14,17
9857,treatment,2,4
5474,treatment,6,7
946,control,7,7
8252,treatment,13,9
7682,treatment,20,12
5098,treatment,10,23
6806,treatment,10,7
5804,treatment,16,17
3553,control,22,15
9970,treatment,13,23
3361,control,10,12
8250,treatment,20,14
2411,control,4,5
4508,control,2,7
8463,treatment,3,4
3983,control,9,12
147,control,11,6
6649,treatment,4,5
2295,control,17,12
2254,control,2,0
3612,control,8,7
5354,treatment,8,9
1737,control,6,3
7916,treatment,13,10
7660,treatment,17,9
115,control,5,9
8861,treatment,11,12
5650,treatment,5,8
9845,treatment,12,10
499,control,1,1
7823,treatment,7,14
721,control,12,16
7259,treatment,19,16
8844,treatment,16,12
5731,treatment,2,0
3090,control,12,13
7227,treatment,5,5
7307,treatment,12,16
6509,treatment,8,6
597,control,7,11
9093,treatment,25,21
6096,treatment,17,14
6054,treatment,19,13
5165,treatment,4,14
1648,control,15,16
8168,treatment,0,10
6921,treatment,19,16
2701,control,10,14
8204,treatment,10,7
1701,control,7,8
8944,treatment,14,12
5405,treatment,15,13
7220,treatment,11,8
7503,treatment,7,9
2943,control,15,11
6302,treatment,5,5
87,control,8,9
2309,control,6,21
2678,control,11,17
8217,treatment,8,4
7730,treatment,7,7
2595,control,7,5
5885,treatment,14,16
1030,control,11,12
137,control,9,15
6832,treatment,10,13
7815,treatment,10,9
2855,control,5,5
4410,control,1,3
1201,control,5,9
4718,control,10,13
9518,treatment,9,12
6595,treatment,6,6
567,control,6,7
7329,treatment,5,10
5431,treatment,3,6
3928,control,2,4
6056,treatment,11,9
7590,treatment,11,16
7123,treatment,4,2
6573,treatment,17,13
6536,treatment,17,16
8914,treatment,15,10
8276,treatment,8,6
2331,control,5,6
3516,control,9,9
2188,control,13,4
196,control,5,6
7258,treatment,9,8
5667,treatment,7,9
5060,treatment,10,11
803,control,9,11
8849,treatment,21,14
9929,treatment,16,15
2069,control,20,13
9083,treatment,5,9
8745,treatment,9,7
645,control,9,8
9375,treatment,18,13
5104,treatment,8,14
5461,treatment,9,16
1638,control,14,22
121,control,6,10
2982,control,20,19
5070,treatment,16,19
3075,control,12,16
8928,treatment,5,8
3279,control,12,8
2136,control,13,3
8942,treatment,4,9
4971,control,10,9
6196,treatment,8,9
135,control,5,3
7732,treatment,7,13
5325,treatment,9,9
9641,treatment,14,8
6161,treatment,9,11
2560,control,16,13
63,control,8,10
1359,control,8,6
6726,treatment,0,1
2468,control,18,12
680,control,5,7
6798,treatment,13,8
742,control,16,10
5308,treatment,9,9
7628,treatment,4,5
3642,control,14,12
445,control,13,8
8141,treatment,7,11
3259,control,10,4
4664,control,9,6
1874,control,5,3
6367,treatment,11,24
2597,control,10,17
1718,control,8,4
2913,control,10,7
2844,control,11,10
4028,control,11,10
5489,treatment,5,11
8635,treatment,7,6
8038,treatment,3,5
9233,treatment,13,20
490,control,13,13
494,control,15,11
691,control,7,10
3822,control,17,18
603,control,15,19
1912,control,15,13
1015,control,7,7
6157,treatment,0,3
1994,control,17,16
5770,treatment,9,12
3758,control,4,8
2367,control,16,15
5284,treatment,20,15
4371,control,2,6
6884,treatment,6,12
7012,treatment,3,7
1362,control,11,19
8462,treatment,11,19
1527,control,21,16
1328,control,6,3
8508,treatment,5,2
9032,treatment,23,19
1552,control,6,10
7770,treatment,14,11
9909,treatment,5,5
1338,control,10,16
3902,control,16,13
3011,control,19,18
5042,treatment,9,6
8826,treatment,8,5
2251,control,9,8
6534,treatment,16,17
5040,treatment,3,6
2347,control,5,10
9283,treatment,13,8
5486,treatment,10,12
2785,control,15,6
5120,treatment,12,10
7551,treatment,15,14
5556,treatment,10,7
5600,treatment,12,6
7631,treatment,15,13
151,control,8,10
2805,control,5,8
5875,treatment,4,3
2087,control,14,9
3752,control,10,4
5613,treatment,9,12
2260,control,9,11
4018,control,21,16
6114,treatment,4,9
6059,treatment,10,5
2425,control,10,8
8035,treatment,15,17
3857,control,4,7
860,control,16,11
8171,treatment,5,7
7592,treatment,21,19
8098,treatment,9,9
7321,treatment,0,0
8564,treatment,9,8
4740,control,9,17
8595,treatment,10,8
4463,control,20,16
5529,treatment,18,14
1365,control,10,8
1780,control,12,18
9222,treatment,5,11
4786,control,3,0
6335,treatment,1,5
1819,control,12,15
7800,treatment,5,13
4938,control,3,2
2705,control,12,14
5286,treatment,11,8
176,control,11,10
7482,treatment,8,19
2094,control,17,7
8751,treatment,4,2
3492,control,8,3
1921,control,7,7
83,control,11,9
817,control,2,7
8602,treatment,17,15
7355,treatment,13,16
4397,control,13,11
9182,treatment,8,9
5569,treatment,8,15
284,control,14,16
4121,control,10,11
7481,treatment,13,12
610,control,16,11
2916,control,16,21
1814,control,10,5
1272,control,11,16
5925,treatment,6,10
9596,treatment,7,9
2995,control,6,6
7110,treatment,15,11
8614,treatment,7,10
7357,treatment,13,13
2643,control,8,5
6554,treatment,5,14
4509,control,7,4
2306,control,9,9
6503,treatment,21,25
6261,treatment,8,10
4196,control,7,4
5563,treatment,8,11
4841,control,12,15
4656,control,5,15
8148,treatment,9,9
4169,control,9,6
3850,control,8,4
9848,treatment,10,6
8402,treatment,18,17
5254,treatment,15,14
7885,treatment,10,7
5534,treatment,9,6
2415,control,10,14
3555,control,14,14
4692,control,10,12
4499,control,8,11
2196,control,2,4
5046,treatment,11,11
2601,control,9,5
1519,control,14,3
4765,control,13,16
4315,control,7,7
3367,control,12,12
6066,treatment,13,17
6583,treatment,16,10
2634,control,16,15
7338,treatment,3,11
5634,treatment,12,9
9169,treatment,14,14
8790,treatment,7,9
2435,control,10,6
8278,treatment,15,8
6759,treatment,19,20
6612,treatment,2,5
4521,control,8,6
5588,treatment,13,13
3546,control,9,5
5966,treatment,18,18
5993,treatment,10,12
8806,treatment,16,21
5532,treatment,12,20
5445,treatment,13,15
518,control,9,4
6111,treatment,6,8
6865,treatment,9,4
7961,treatment,0,2
1416,control,3,12
4665,control,19,20
4457,control,10,5
2762,control,1,4
4856,control,13,21
128,control,10,1
3475,control,4,9
7970,treatment,9,15
4311,control,10,9
2439,control,14,16
3766,control,11,15
6877,treatment,10,7
5897,treatment,15,15
5841,treatment,9,10
8843,treatment,6,8
9771,treatment,16,21
1474,control,2,2
4822,control,4,8
6916,treatment,6,3
3561,control,11,6
3952,control,15,16
50,control,17,9
5438,treatment,9,7
9898,treatment,14,12
888,control,6,14
2617,control,10,6
517,control,9,13
3169,control,6,4
2950,control,15,14
1425,control,14,11
140,control,18,21
1925,control,9,12
2379,control,9,14
3198,control,12,5
5132,treatment,7,9
113,control,7,7
4560,control,5,1
4596,control,17,14
7998,treatment,5,1
3251,control,17,13
4691,control,14,16
8116,treatment,8,5
7768,treatment,6,5
4547,control,0,0
7085,treatment,21,15
3278,control,3,1
7543,treatment,11,13
6594,treatment,18,13
4069,control,14,11
4409,control,12,6
8645,treatment,16,11
8589,treatment,10,16
7385,treatment,13,5
3223,control,3,5
8211,treatment,10,10
452,control,13,9
3732,control,13,10
8954,treatment,12,8
4987,control,13,10
3664,control,7,9
2764,control,12,6
659,control,11,18
7679,treatment,4,7
7677,treatment,7,14
4621,control,3,6
1000,control,11,14
390,control,4,4
3408,control,17,17
1477,control,20,22
2241,control,11,10
2387,control,1,2
9140,treatment,2,0
993,control,17,20
4998,control,14,16
3923,control,3,6
2973,control,13,10
3387,control,9,8
7886,treatment,4,5
8813,treatment,11,18
4770,control,17,17
1294,control,2,1
1825,control,12,7
2874,control,4,1
4174,control,9,4
2536,control,15,18
9133,treatment,8,8
1908,control,8,12
43,control,8,7
9492,treatment,15,8
369,control,16,19
1152,control,16,21
7753,treatment,2,1
6359,treatment,11,14
5913,treatment,6,9
6508,treatment,12,11
7526,treatment,19,20
4161,control,3,4
4288,control,10,10
7776,treatment,5,7
6715,treatment,4,7
175,control,6,5
1904,control,14,7
1100,control,18,11
8115,treatment,16,10
3409,control,17,14
1539,control,10,6
2293,control,14,16
9301,treatment,13,9
1364,control,11,18
7189,treatment,4,10
6628,treatment,9,8
5261,treatment,9,15
6816,treatment,7,8
9462,treatment,12,8
681,control,15,8
9316,treatment,11,7
9299,treatment,8,8
3665,control,6,8
1662,control,4,4
509,control,7,7
167,control,9,7
5498,treatment,12,18
8300,treatment,9,14
1007,control,10,5
9740,treatment,24,8
1915,control,12,12
3495,control,12,13
9634,treatment,19,10
9751,treatment,10,10
6445,treatment,8,13
4991,control,2,3
2537,control,5,6
1105,control,5,10
3876,control,13,13
7524,treatment,15,14
1753,control,8,5
5311,treatment,13,11
7297,treatment,11,9
2917,control,16,14
8975,treatment,5,6
5755,treatment,15,7
153,control,3,5
7691,treatment,6,12
5680,treatment,12,14
3908,control,7,9
9136,treatment,7,10
2553,control,11,11
2774,control,9,13
6099,treatment,19,13
3552,control,3,8
3723,control,17,10
9871,treatment,1,8
521,control,7,1
8034,treatment,10,16
4539,control,4,9
6779,treatment,3,6
1823,control,11,10
4087,control,2,5
6149,treatment,0,2
8743,treatment,4,0
9473,treatment,17,8
7742,treatment,9,10
310,control,17,18
7721,treatment,6,8
8223,treatment,11,5
8657,treatment,3,8
3600,control,15,20
3623,control,6,4
3812,control,11,6
3451,control,1,5
4592,control,22,10
206,control,8,5
9841,treatment,16,11
1136,control,17,15
9385,treatment,17,14
2750,control,14,11
3614,control,8,6
306,control,7,4
1850,control,17,14
7670,treatment,21,17
1989,control,10,3
3241,control,19,14
2799,control,6,12
4516,control,16,11
5631,treatment,3,4
9373,treatment,11,11
3110,control,6,4
4940,control,10,5
4060,control,15,12
1988,control,9,8
7158,treatment,10,9
8875,treatment,5,9
6614,treatment,12,13
384,control,4,5
5635,treatment,15,8
4308,control,19,13
3389,control,1,4
3157,control,20,22
9996,treatment,14,12
2728,control,15,8
6334,treatment,5,7
9900,treatment,5,11
8752,treatment,9,14
8303,treatment,16,16
6038,treatment,14,12
3833,control,11,13
8918,treatment,16,10
4777,control,8,8
4277,control,13,13
254,control,11,10
7896,treatment,13,7
9591,treatment,4,13
7289,treatment,11,13
279,control,15,12
3253,control,2,7
2481,control,14,13
290,control,6,9
6087,treatment,14,20
3076,control,9,8
8124,treatment,3,10
7599,treatment,7,14
6404,treatment,2,4
5090,treatment,15,17
7284,treatment,12,16
9718,treatment,1,2
8403,treatment,14,15
6122,treatment,16,15
7755,treatment,9,13
271,control,4,5
6010,treatment,22,12
4571,control,10,6
9117,treatment,9,7
9804,treatment,2,6
2972,control,11,7
6194,treatment,4,9
8769,treatment,2,5
4208,control,11,7
3219,control,18,15
1392,control,11,13
3976,control,15,11
4317,control,12,8
7960,treatment,14,15
7345,treatment,13,11
7449,treatment,22,11
84,control,5,14
874,control,15,8
9606,treatment,9,15
7636,treatment,11,9
4558,control,5,7
4501,control,2,4
4648,control,3,11
2039,control,7,5
9695,treatment,6,12
6910,treatment,18,14
2451,control,6,9
3955,control,6,11
2330,control,7,14
9125,treatment,10,6
7045,treatment,4,10
5043,treatment,11,9
9365,treatment,2,4
4747,control,8,11
9368,treatment,17,26
9403,treatment,8,12
6492,treatment,8,11
6638,treatment,9,12
7226,treatment,10,13
2402,control,14,10
5521,treatment,16,11
1217,control,3,2
8696,treatment,10,14
6021,treatment,9,11
6866,treatment,18,13
1065,control,4,7
3787,control,5,10
4411,control,20,23
6860,treatment,12,11
6761,treatment,14,6
5524,treatment,15,16
5997,treatment,8,10
8834,treatment,20,13
5889,treatment,20,17
2162,control,10,6
3009,control,13,5
1106,control,13,11
6655,treatment,15,12
693,control,14,6
9958,treatment,18,27
4957,control,10,13
6598,treatment,9,9
8481,treatment,8,7
4370,control,15,10
2766,control,6,8
3930,control,7,9
7135,treatment,4,10
8736,treatment,3,5
7531,treatment,9,10
7529,treatment,12,7
629,control,6,7
2452,control,7,14
6240,treatment,5,12
7013,treatment,12,11
3825,control,13,11
8978,treatment,11,7
2653,control,27,8
9108,treatment,6,8
3744,control,11,13
2177,control,7,13
9907,treatment,5,17
9264,treatment,4,3
3319,control,12,8
6344,treatment,6,5
2788,control,6,8
4106,control,16,16
6356,treatment,6,11
1677,control,16,16
3948,control,4,2
4445,control,10,8
2937,control,1,5
9006,treatment,16,18
7767,treatment,11,10
5723,treatment,14,12
7442,treatment,8,14
2504,control,10,11
8483,treatment,13,9
2370,control,14,16
4968,control,6,8
5884,treatment,14,11
2218,control,12,12
5848,treatment,11,15
2219,control,10,7
3327,control,11,10
6734,treatment,11,3
3584,control,10,9
9825,treatment,2,11
3620,control,4,6
7708,treatment,4,7
6433,treatment,13,9
3116,control,17,19
86,control,13,13
5974,treatment,9,12
2802,control,14,9
3672,control,13,12
3668,control,7,5
9795,treatment,7,18
5159,treatment,4,4
5726,treatment,14,10
4591,control,23,13
2020,control,15,7
7832,treatment,20,25
2526,control,12,18
8287,treatment,6,7
9207,treatment,8,7
3213,control,15,10
520,control,17,10
5367,treatment,9,9
6763,treatment,8,7
2896,control,5,3
245,control,15,14
5931,treatment,15,8
4715,control,14,7
9568,treatment,6,3
3426,control,2,14
6932,treatment,15,11
6721,treatment,13,20
7411,treatment,17,19
6178,treatment,14,11
7251,treatment,5,9
5510,treatment,5,8
2002,control,5,9
886,control,4,12
870,control,8,7
9689,treatment,13,15
5721,treatment,7,13
357,control,24,5
9908,treatment,11,17
5452,treatment,6,7
8194,treatment,7,5
6439,treatment,8,15
7705,treatment,16,13
1276,control,8,14
1891,control,12,8
8687,treatment,1,8
6569,treatment,8,13
9624,treatment,13,7
3564,control,7,9
5788,treatment,8,4
4959,control,12,15
1547,control,3,2
2381,control,3,4
3824,control,7,8
3233,control,9,2
8400,treatment,13,16
3307,control,7,13
493,control,7,5
3500,control,10,9
6665,treatment,12,11
1117,control,19,12
5638,treatment,16,17
8775,treatment,1,5
6147,treatment,11,11
9868,treatment,18,14
8776,treatment,3,3
6708,treatment,11,6
9949,treatment,20,17
7966,treatment,5,6
3646,control,8,4
2501,control,8,11
5678,treatment,14,11
5242,treatment,6,10
6519,treatment,13,8
2784,control,13,11
6159,treatment,4,8
3810,control,8,15
9429,treatment,5,8
9525,treatment,14,8
8600,treatment,7,12
1697,control,10,11
5686,treatment,1,4
8368,treatment,9,11
5940,treatment,5,18
2053,control,12,9
1777,control,6,4
6561,treatment,14,14
3314,control,18,13
4782,control,10,10
8539,treatment,18,15
6782,treatment,5,9
1593,control,10,4
1724,control,21,20
216,control,8,14
6327,treatment,7,8
8257,treatment,15,15
491,control,20,17
9134,treatment,21,8
3484,control,18,15
5103,treatment,22,10
5188,treatment,14,9
3432,control,9,9
9199,treatment,16,17
7711,treatment,11,6
5514,treatment,6,11
26,control,12,7
3513,control,10,7
2410,control,9,3
3271,control,17,13
5210,treatment,5,2
8712,treatment,15,11
1553,control,10,8
9198,treatment,17,12
8622,treatment,20,12
3872,control,5,4
3403,control,6,5
4530,control,16,16
980,control,10,13
2656,control,6,7
1848,control,3,8
7965,treatment,20,25
8241,treatment,3,4
7146,treatment,5,6
7300,treatment,8,12
5722,treatment,9,14
516,control,12,7
8746,treatment,1,3
8298,treatment,9,10
1103,control,11,11
3277,control,26,22
7218,treatment,5,11
7390,treatment,10,8
9078,treatment,4,8
8338,treatment,5,12
3997,control,18,9
195,control,1,6
4712,control,8,10
644,control,12,12
9090,treatment,7,8
3286,control,13,14
3117,control,10,8
6477,treatment,9,11
3576,control,3,3
9024,treatment,16,17
4321,control,9,3
9993,treatment,6,12
2208,control,12,10
4553,control,6,6
7317,treatment,7,7
3719,control,10,8
973,control,11,13
4580,control,8,14
720,control,5,2
9018,treatment,14,7
6156,treatment,13,14
9431,treatment,7,10
3897,control,5,5
2804,control,5,8
2567,control,11,11
4026,control,5,6
6199,treatment,8,2
33,control,4,6
8308,treatment,11,17
8832,treatment,11,21
9819,treatment,11,1
4064,control,12,9
8949,treatment,8,11
5541,treatment,8,15
1698,control,22,17
2793,control,6,7
2223,control,16,9
5819,treatment,13,9
9663,treatment,8,7
3765,control,13,5
3867,control,21,12
6422,treatment,7,19
9400,treatment,10,17
8939,treatment,17,12
6672,treatment,11,12
7979,treatment,15,14
3759,control,18,14
9775,treatment,14,15
3228,control,17,7
7803,treatment,7,12
3924,control,8,9
3905,control,1,3
2278,control,20,20
6811,treatment,5,12
1402,control,13,12
740,control,2,0
4267,control,7,9
9862,treatment,3,2
7353,treatment,1,2
7519,treatment,9,10
3852,control,12,8
8632,treatment,11,11
2662,control,8,6
6505,treatment,13,9
9800,treatment,5,6
675,control,10,12
7106,treatment,12,13
6361,treatment,15,18
3842,control,14,6
1816,control,8,7
9490,treatment,4,9
9839,treatment,9,8
9202,treatment,6,7
4654,control,8,6
8693,treatment,6,8
2101,control,14,9
7712,treatment,13,14
1674,control,10,4
2102,control,4,4
4214,control,14,11
6959,treatment,14,4
1549,control,14,10
9551,treatment,7,14
3324,control,17,15
9584,treatment,5,7
356,control,13,13
5185,treatment,5,8
1462,control,5,7
7625,treatment,5,5
9386,treatment,13,20
3221,control,16,16
940,control,10,17
5148,treatment,10,7
5924,treatment,2,6
7884,treatment,28,9
1752,control,8,5
9469,treatment,5,10
7598,treatment,1,12
1773,control,3,5
1197,control,9,3
1879,control,19,16
2669,control,9,13
3172,control,16,11
2017,control,9,10
2006,control,14,15
8273,treatment,20,21
3894,control,7,7
9992,treatment,4,4
3238,control,16,8
4425,control,4,5
4745,control,10,10
2079,control,1,1
5220,treatment,11,15
397,control,21,12
2789,control,5,6
8878,treatment,2,5
8639,treatment,12,18
4073,control,8,20
5575,treatment,13,12
8370,treatment,4,8
9508,treatment,11,7
5356,treatment,8,17
7234,treatment,5,10
9484,treatment,13,10
6821,treatment,10,9
1520,control,3,5
8197,treatment,14,9
1379,control,12,8
5673,treatment,8,8
1024,control,12,11
2588,control,18,12
7043,treatment,2,1
5622,treatment,9,14
7638,treatment,13,12
5009,treatment,6,4
2858,control,13,9
8255,treatment,9,9
5772,treatment,10,17
5843,treatment,11,15
8028,treatment,11,18
5833,treatment,9,14
1630,control,21,12
4889,control,16,7
4527,control,7,9
3524,control,3,4
5905,treatment,17,17
7782,treatment,7,8
3608,control,16,11
9419,treatment,14,13
5221,treatment,12,25
235,control,6,3
7756,treatment,6,11
3797,control,5,1
4119,control,6,3
6319,treatment,3,6
5002,treatment,7,8
3801,control,4,9
7810,treatment,11,15
3900,control,17,10
5025,treatment,10,7
1949,control,6,3
6362,treatment,9,14
471,control,9,5
9945,treatment,6,19
3493,control,7,10
6092,treatment,5,2
2672,control,18,10
9801,treatment,11,12
2225,control,3,6
1107,control,4,4
2189,control,21,21
819,control,10,14
5572,treatment,10,7
4524,control,12,6
5794,treatment,15,13
9382,treatment,15,18
8781,treatment,7,12
7460,treatment,11,9
2625,control,5,7
7095,treatment,10,20
9393,treatment,1,6
9917,treatment,6,3
9120,treatment,6,5
889,control,0,0
2438,control,13,13
6057,treatment,7,11
7065,treatment,17,13
818,control,9,9
8935,treatment,15,13
3415,control,3,7
6353,treatment,16,11
2342,control,16,7
9030,treatment,14,7
3168,control,6,6
1810,control,15,20
8036,treatment,2,4
1265,control,9,9
5087,treatment,8,9
9676,treatment,9,4
5836,treatment,2,1
5195,treatment,17,12
4450,control,12,10
4946,control,18,16
4046,control,7,11
6504,treatment,14,9
3703,control,5,7
1036,control,6,9
9257,treatment,15,10
5591,treatment,6,10
1229,control,15,8
10000,treatment,17,15
6812,treatment,5,8
5142,treatment,0,2
53,control,2,4
9068,treatment,11,20
8396,treatment,6,12
160,control,6,4
7553,treatment,11,14
1588,control,11,13
1590,control,10,7
9842,treatment,11,6
9329,treatment,2,4
6931,treatment,1,4
6597,treatment,10,7
6175,treatment,17,18
8099,treatment,4,10
3859,control,6,10
9815,treatment,6,10
6692,treatment,5,9
2829,control,2,1
437,control,8,5
8275,treatment,23,9
8169,treatment,4,10
3879,control,10,5
1589,control,10,6
2781,control,17,15
8982,treatment,13,8
8562,treatment,12,12
5687,treatment,19,12
3966,control,4,7
4728,control,3,9
974,control,13,14
1239,control,6,17
2952,control,12,11
2343,control,0,2
6521,treatment,10,14
7311,treatment,9,3
6047,treatment,15,12
2159,control,13,10
9289,treatment,11,14
6590,treatment,9,14
1498,control,5,4
4546,control,11,9
6466,treatment,7,3
4258,control,19,15
2423,control,15,15
8565,treatment,9,2
5186,treatment,14,11
5648,treatment,13,11
358,control,12,11
5243,treatment,11,14
8012,treatment,4,5
9241,treatment,8,7
2093,control,4,4
5410,treatment,17,10
2016,control,18,8
9060,treatment,7,11
4045,control,4,6
188,control,5,8
6859,treatment,17,14
3656,control,4,11
3427,control,14,12
7195,treatment,5,8
1382,control,0,0
7469,treatment,13,8
414,control,17,6
5038,treatment,4,9
4898,control,9,14
3337,control,12,8
3607,control,4,3
3176,control,3,1
2242,control,5,6
9709,treatment,3,12
7797,treatment,7,3
257,control,8,11
8621,treatment,20,8
201,control,11,10
2236,control,7,11
4744,control,13,13
1768,control,17,16
4237,control,8,9
6730,treatment,3,1
8451,treatment,10,13
7278,treatment,12,14
1573,control,18,12
25,control,8,6
3364,control,7,8
1089,control,20,9
4675,control,7,16
2695,control,17,13
7583,treatment,13,11
3399,control,1,2
3560,control,5,4
9157,treatment,12,9
2842,control,9,15
2312,control,10,17
8334,treatment,19,17
3235,control,11,5
4153,control,9,10
1310,control,11,9
696,control,6,5
9860,treatment,10,9
3753,control,13,11
6338,treatment,4,6
1228,control,10,6
2000,control,14,16
277,control,4,12
8177,treatment,9,4
7665,treatment,10,5
5930,treatment,14,10
2954,control,0,0
3638,control,21,19
3907,control,2,7
4779,control,9,9
5846,treatment,15,14
9699,treatment,11,20
4118,control,15,9
7031,treatment,14,11
1138,control,11,4
2768,control,15,17
2335,control,11,6
7707,treatment,17,19
943,control,8,10
7663,treatment,12,10
2491,control,4,11
9680,treatment,20,21
6291,treatment,5,6
4936,control,7,6
3936,control,13,11
6957,treatment,6,9
2385,control,21,20
116,control,6,8
1864,control,12,16
9977,treatment,8,12
3120,control,2,8
4259,control,20,6
6706,treatment,5,8
903,control,16,6
2820,control,11,10
3823,control,13,9
8162,treatment,11,21
6891,treatment,6,8
9091,treatment,3,6
4700,control,10,7
8919,treatment,3,8
3803,control,10,13
6069,treatment,5,5
5811,treatment,14,18
3537,control,10,12
3826,control,7,5
8643,treatment,11,11
8609,treatment,12,10
4811,control,8,9
1947,control,9,8
8601,treatment,12,12
7137,treatment,6,7
5336,treatment,10,9
3489,control,15,8
1611,control,13,12
7462,treatment,6,6
8474,treatment,23,21
4678,control,15,14
4960,control,7,5
5868,treatment,21,16
8764,treatment,12,5
4762,control,20,19
2195,control,10,12
8004,treatment,8,7
5702,treatment,22,15
5114,treatment,15,14
558,control,1,9
8066,treatment,9,10
5140,treatment,12,13
1208,control,7,5
7034,treatment,6,12
7310,treatment,11,14
1511,control,8,11
6770,treatment,3,3
3830,control,6,6
3733,control,18,20
7958,treatment,10,18
3212,control,11,11
3631,control,18,15
1709,control,15,8
1846,control,1,1
267,control,8,10
5986,treatment,14,12
1141,control,7,28
3163,control,9,7
6208,treatment,3,6
2047,control,14,10
3731,control,10,5
1910,control,8,12
7308,treatment,2,5
2661,control,5,3
657,control,3,9
6661,treatment,18,17
1308,control,15,11
9430,treatment,3,2
999,control,17,11
7433,treatment,17,14
2835,control,10,12
9179,treatment,4,9
5881,treatment,21,18
1238,control,19,8
2152,control,22,10
7920,treatment,16,19
9696,treatment,17,11
7190,treatment,7,9
8304,treatment,13,9
6579,treatment,4,7
5092,treatment,11,8
2187,control,7,3
1135,control,10,8
5005,treatment,19,13
7975,treatment,10,15
1304,control,11,13
8469,treatment,9,12
1628,control,10,14
9282,treatment,4,5
1523,control,10,8
9811,treatment,6,6
359,control,5,5
139,control,17,22
300,control,6,5
1557,control,5,4
5100,treatment,9,9
383,control,5,6
8313,treatment,16,6
6949,treatment,11,18
4858,control,6,8
3181,control,3,8
1440,control,9,12
7270,treatment,15,12
5674,treatment,8,8
947,control,14,8
2391,control,2,3
5499,treatment,16,13
7074,treatment,8,10
9231,treatment,9,14
2722,control,17,6
1933,control,2,3
7424,treatment,11,13
3237,control,18,14
3141,control,12,14
4164,control,2,3
8889,treatment,18,10
3808,control,6,9
9480,treatment,13,13
6984,treatment,4,6
8905,treatment,13,21
9723,treatment,0,0
4155,control,9,6
4173,control,9,10
797,control,19,19
2417,control,8,11
7171,treatment,8,6
6140,treatment,18,23
786,control,10,9
7068,treatment,0,1
3159,control,4,4
124,control,22,20
9458,treatment,11,7
9247,treatment,11,9
2173,control,10,8
2170,control,11,7
6881,treatment,6,4
4010,control,10,16
9297,treatment,12,13
4341,control,2,4
911,control,6,2
6269,treatment,11,7
7772,treatment,11,8
2310,control,16,14
9659,treatment,10,9
3635,control,7,9
1258,control,15,8
6592,treatment,18,15
4459,control,6,7
6134,treatment,5,5
1179,control,10,8
4653,control,9,12
6219,treatment,14,8
3651,control,14,10
443,control,13,13
3416,control,10,10
1400,control,1,8
1458,control,13,6
7525,treatment,6,7
5745,treatment,8,21
1055,control,5,5
8999,treatment,25,18
3276,control,3,9
1464,control,17,11
3700,control,9,2
3760,control,3,1
930,control,13,11
5512,treatment,10,11
6469,treatment,15,24
8413,treatment,13,8
1830,control,13,8
2929,control,6,3
8296,treatment,9,5
6539,treatment,10,13
4222,control,7,19
3547,control,11,14
5599,treatment,11,11
8938,treatment,14,20
7319,treatment,5,6
8351,treatment,10,14
2012,control,18,10
914,control,15,10
8249,treatment,15,23
7266,treatment,14,7
3220,control,17,13
2607,control,6,6
3265,control,5,10
4929,control,12,15
8662,treatment,12,18
6565,treatment,13,15
8130,treatment,7,9
7,control,12,13
2981,control,10,5
6584,treatment,9,15
3362,control,2,0
4775,control,9,12
1944,control,0,2
7453,treatment,11,12
5500,treatment,9,14
1636,control,12,13
1142,control,0,0
2042,control,7,12
6704,treatment,19,15
7819,treatment,13,13
2071,control,9,3
3135,control,5,7
5161,treatment,7,12
8332,treatment,18,22
5276,treatment,4,3
2243,control,2,2
1475,control,16,5
8591,treatment,10,4
1890,control,3,11
3436,control,14,9
7594,treatment,11,8
7746,treatment,5,13
3706,control,12,7
2022,control,2,11
4021,control,12,8
8831,treatment,6,2
8444,treatment,8,13
3501,control,7,7
2659,control,4,6
8457,treatment,9,13
6889,treatment,9,9
1131,control,4,6
5558,treatment,14,5
7359,treatment,6,7
1820,control,10,12
7539,treatment,2,1
9387,treatment,5,8
4319,control,4,3
9605,treatment,14,19
4145,control,15,22
4670,control,4,7
1237,control,7,17
5477,treatment,3,8
9837,treatment,11,7
1857,control,11,10
2283,control,17,10
8694,treatment,6,11
9321,treatment,12,16
4094,control,3,3
7062,treatment,11,6
5201,treatment,9,6
6402,treatment,7,3
9930,treatment,16,6
3422,control,9,14
9270,treatment,17,8
387,control,12,13
8549,treatment,7,8
1629,control,10,10
3586,control,18,19
7413,treatment,6,8
2715,control,6,8
7172,treatment,16,12
8436,treatment,10,14
9322,treatment,6,4
5660,treatment,10,12
3190,control,10,7
9969,treatment,10,8
4306,control,14,8
910,control,2,4
5386,treatment,13,11
1997,control,8,13
1867,control,9,7
1843,control,15,9
2498,control,1,0
202,control,25,22
7906,treatment,18,12
7725,treatment,12,10
5055,treatment,12,14
5890,treatment,11,7
4007,control,12,15
9902,treatment,5,15
2703,control,10,13
3450,control,6,11
332,control,15,14
7140,treatment,16,13
8961,treatment,6,11
9820,treatment,4,9
7177,treatment,8,17
2460,control,2,0
1775,control,11,20
6629,treatment,9,9
7597,treatment,9,13
7987,treatment,8,8
2687,control,2,9
9148,treatment,8,4
990,control,4,7
9047,treatment,10,24
8349,treatment,4,10
8876,treatment,8,9
8551,treatment,11,11
5807,treatment,3,7
8734,treatment,17,14
8698,treatment,8,13
6575,treatment,7,8
3053,control,7,4
8638,treatment,16,21
5463,treatment,9,7
174,control,4,4
4955,control,15,18
4616,control,22,18
3322,control,9,7
7066,treatment,15,12
6247,treatment,12,0
6746,treatment,16,8
3373,control,10,1
6049,treatment,12,16
3312,control,17,16
7417,treatment,10,8
7294,treatment,11,6
7585,treatment,22,17
9378,treatment,7,10
8812,treatment,13,10
8161,treatment,4,6
4680,control,4,4
3404,control,21,14
19,control,10,22
3692,control,11,11
8655,treatment,9,5
4097,control,8,8
3629,control,20,18
8863,treatment,10,4
2175,control,14,12
1357,control,7,16
5003,treatment,8,10
7392,treatment,4,6
6923,treatment,5,11
5824,treatment,9,9
9503,treatment,2,3
5671,treatment,8,10
3113,control,17,21
183,control,6,9
3643,control,13,9
8858,treatment,20,12
1813,control,13,10
7876,treatment,8,13
8498,treatment,23,15
4913,control,8,13
5669,treatment,5,12
8543,treatment,9,4
1801,control,13,8
9252,treatment,9,6
2430,control,18,19
5483,treatment,11,14
6762,treatment,7,9
9840,treatment,13,7
9636,treatment,6,6
1969,control,6,9
8340,treatment,13,15
8142,treatment,18,7
7697,treatment,14,8
7542,treatment,6,6
4988,control,16,7
9757,treatment,5,6
4651,control,7,8
1160,control,5,8
1214,control,10,4
7337,treatment,22,12
1326,control,12,16
7513,treatment,12,10
7581,treatment,10,9
4797,control,10,13
6797,treatment,12,7
5809,treatment,11,10
5944,treatment,0,0
9284,treatment,1,5
8145,treatment,6,6
1456,control,7,11
5411,treatment,13,15
7130,treatment,7,12
8893,treatment,5,6
4963,control,2,6
2801,control,10,7
1645,control,5,2
2141,control,8,6
4537,control,9,12
4458,control,10,5
8952,treatment,20,14
5587,treatment,10,8
4379,control,5,5
730,control,7,7
4358,control,4,7
7749,treatment,3,9
6717,treatment,7,7
1937,control,7,11
3794,control,13,14
3737,control,2,6
2262,control,12,5
4006,control,13,12
1111,control,10,17
9029,treatment,13,12
5481,treatment,12,16
2999,control,14,16
2395,control,7,4
1186,control,2,5
2008,control,6,6
194,control,15,20
5612,treatment,3,8
2902,control,1,5
579,control,6,12
6220,treatment,13,6
5526,treatment,8,1
772,control,16,11
7840,treatment,7,3
2396,control,4,9
1479,control,10,13
1847,control,6,14
9109,treatment,12,11
4275,control,19,14
3741,control,3,2
4601,control,17,11
8088,treatment,11,15
8711,treatment,4,2
6677,treatment,7,17
6376,treatment,18,11
8125,treatment,12,15
9539,treatment,21,21
4916,control,12,8
2074,control,12,10
4755,control,17,24
1897,control,4,2
8553,treatment,14,12
6703,treatment,9,4
6318,treatment,10,11
3660,control,7,13
6582,treatment,9,12
2380,control,7,6
1448,control,15,24
343,control,10,6
5128,treatment,12,18
3137,control,5,7
2528,control,7,8
728,control,13,9
4578,control,0,0
977,control,16,18
8392,treatment,11,4
5444,treatment,6,12
9035,treatment,19,15
3517,control,16,11
7976,treatment,11,8
9788,treatment,11,9
3941,control,18,11
1300,control,2,8
9765,treatment,17,15
1349,control,12,7
661,control,2,4
5887,treatment,12,16
1493,control,11,9
9947,treatment,0,2
4590,control,10,18
8531,treatment,10,7
5155,treatment,14,15
2316,control,6,11
9615,treatment,17,12
9578,treatment,12,15
7025,treatment,7,10
1086,control,6,5
2525,control,20,22
8969,treatment,14,9
5375,treatment,12,10
3199,control,10,13
5752,treatment,9,12
4009,control,1,6
5718,treatment,7,12
6658,treatment,12,9
9358,treatment,6,3
8791,treatment,2,3
68,control,9,4
7924,treatment,4,6
41,control,15,11
2270,control,8,3
2382,control,12,12
7342,treatment,13,12
9962,treatment,5,9
4917,control,4,3
5323,treatment,10,9
5774,treatment,16,8
6233,treatment,8,7
6964,treatment,14,12
3448,control,11,8
6817,treatment,11,6
2368,control,10,7
7982,treatment,19,12
8167,treatment,9,11
2513,control,6,5
9620,treatment,9,15
2724,control,6,7
5949,treatment,11,13
9186,treatment,5,7
9005,treatment,11,12
1144,control,8,4
9737,treatment,24,25
7223,treatment,13,20
8293,treatment,6,8
9221,treatment,6,9
4729,control,16,8
5495,treatment,15,13
5756,treatment,7,14
7563,treatment,2,7
3790,control,10,4
2221,control,9,4
5076,treatment,10,5
2332,control,6,6
5395,treatment,10,8
7440,treatment,15,20
8068,treatment,8,6
7091,treatment,4,9
9337,treatment,6,7
4089,control,7,11
1968,control,12,7
9364,treatment,7,9
9797,treatment,15,15
6758,treatment,8,9
9587,treatment,13,10
4366,control,13,15
7000,treatment,12,18
424,control,0,5
281,control,15,12
1905,control,16,24
596,control,10,6
8580,treatment,21,23
3918,control,5,12
6143,treatment,24,16
5662,treatment,12,9
5779,treatment,16,14
3619,control,16,15
6846,treatment,13,13
840,control,4,7
4597,control,11,5
7497,treatment,13,9
142,control,6,6
2598,control,8,11
6702,treatment,21,21
7757,treatment,15,13
1378,control,12,8
3675,control,4,7
8771,treatment,7,4
9896,treatment,8,21
6363,treatment,6,10
4742,control,9,6
3809,control,15,11
1139,control,10,13
2258,control,11,9
7866,treatment,11,7
1788,control,6,3
3939,control,10,15
9317,treatment,9,9
4647,control,5,10
460,control,14,13
6116,treatment,23,20
9543,treatment,12,17
949,control,13,8
3701,control,8,6
1337,control,16,15
6371,treatment,11,13
4629,control,14,7
6287,treatment,10,17
5926,treatment,4,6
5935,treatment,2,1
6041,treatment,20,18
442,control,9,12
6660,treatment,3,1
1603,control,19,21
2239,control,4,7
640,control,13,9
9821,treatment,6,17
3831,control,8,5
9396,treatment,9,8
6145,treatment,15,15
7986,treatment,12,13
9053,treatment,6,3
6345,treatment,5,5
2502,control,5,9
1959,control,9,9
1071,control,8,11
156,control,19,18
2296,control,12,18
9802,treatment,5,3
4579,control,6,5
1090,control,8,7
6050,treatment,15,7
6416,treatment,5,6
2941,control,22,7
724,control,3,4
4385,control,13,13
931,control,3,8
2910,control,16,16
7846,treatment,10,18
6764,treatment,15,20
8389,treatment,9,15
6417,treatment,16,18
896,control,14,18
3248,control,3,7
2327,control,2,2
7097,treatment,1,1
9506,treatment,9,15
7582,treatment,13,6
9743,treatment,12,3
5039,treatment,3,4
6451,treatment,16,12
4137,control,23,9
9249,treatment,19,20
1716,control,13,6
1699,control,7,4
9691,treatment,12,8
9550,treatment,7,8
9972,treatment,23,12
8225,treatment,9,16
3832,control,19,25
6300,treatment,5,11
3349,control,19,15
9519,treatment,13,12
986,control,13,11
1822,control,17,15
4572,control,12,11
588,control,3,8
9758,treatment,15,15
5078,treatment,10,8
7783,treatment,12,10
8324,treatment,11,15
9523,treatment,9,14
9968,treatment,9,5
5484,treatment,10,22
7747,treatment,14,18
9281,treatment,6,8
5515,treatment,7,12
9528,treatment,9,8
8872,treatment,22,15
5554,treatment,12,12
3558,control,11,11
1396,control,14,20
265,control,14,13
3548,control,17,18
6845,treatment,8,16
7629,treatment,9,11
6789,treatment,5,3
3070,control,9,6
5026,treatment,0,0
8397,treatment,5,5
3865,control,4,6
9073,treatment,17,12
2401,control,3,3
6275,treatment,14,10
8485,treatment,8,11
3712,control,12,8
247,control,6,5
1595,control,6,13
9683,treatment,7,7
1530,control,14,10
8224,treatment,20,19
924,control,5,11
7554,treatment,19,9
4365,control,4,2
670,control,0,0
3605,control,7,11
5109,treatment,4,8
1911,control,5,5
8345,treatment,2,4
5249,treatment,12,13
7184,treatment,8,7
3959,control,11,9
6958,treatment,10,14
6027,treatment,11,6
5644,treatment,26,18
2697,control,11,15
2592,control,27,21
5907,treatment,14,14
1782,control,9,9
6510,treatment,7,10
3014,control,7,8
7134,treatment,11,7
2308,control,9,6
7277,treatment,26,20
3691,control,9,12
688,control,13,7
6012,treatment,14,10
7072,treatment,17,8
613,control,3,4
7168,treatment,3,14
9206,treatment,12,10
3201,control,10,4
2268,control,11,11
9782,treatment,10,8
6630,treatment,3,3
4136,control,9,5
1899,control,15,6
9531,treatment,5,13
8154,treatment,13,16
259,control,7,18
2925,control,7,7
9425,treatment,4,4
4944,control,7,10
2823,control,7,14
6530,treatment,0,3
3340,control,6,1
3526,control,21,19
4564,control,8,7
9657,treatment,9,6
7909,treatment,6,3
5330,treatment,8,11
5224,treatment,11,7
2286,control,7,10
6064,treatment,10,10
4655,control,12,10
5001,treatment,6,9
6711,treatment,11,11
9325,treatment,19,16
485,control,9,11
2212,control,13,23
5417,treatment,9,17
7564,treatment,6,10
2556,control,10,7
8,control,10,11
3658,control,14,18
6412,treatment,12,13
9165,treatment,11,20
4875,control,4,6
4403,control,6,6
8917,treatment,10,11
5547,treatment,18,21
5298,treatment,13,11
2427,control,19,23
6745,treatment,11,13
1815,control,15,11
6823,treatment,22,24
9626,treatment,12,16
2275,control,16,13
1012,control,17,21
1578,control,11,14
7265,treatment,14,16
1068,control,14,12
1992,control,17,16
3971,control,2,3
9074,treatment,17,9
5880,treatment,15,21
8431,treatment,12,9
4543,control,6,4
9327,treatment,8,14
7194,treatment,8,8
3868,control,22,11
9416,treatment,4,6
6824,treatment,15,15
3049,control,11,21
782,control,9,8
6748,treatment,12,19
2676,control,19,13
1750,control,14,19
6223,treatment,7,11
7947,treatment,12,9
2792,control,7,11
6520,treatment,12,7
5775,treatment,19,22
6358,treatment,20,11
4980,control,7,5
7589,treatment,7,4
1092,control,10,9
6527,treatment,20,12
9608,treatment,16,8
4628,control,12,15
2325,control,1,0
6535,treatment,2,6
8972,treatment,3,8
5056,treatment,8,8
2609,control,9,15
9021,treatment,14,15
2291,control,13,10
1728,control,11,8
611,control,4,8
4667,control,18,18
8052,treatment,15,14
5414,treatment,15,14
344,control,14,7
4684,control,3,4
8785,treatment,7,10
3751,control,8,9
8454,treatment,19,13
9308,treatment,10,10
6000,treatment,1,5
3216,control,14,12
98,control,5,5
7388,treatment,11,10
7666,treatment,11,13
5177,treatment,21,18
7280,treatment,12,14
6166,treatment,22,13
1538,control,3,2
3589,control,9,5
9443,treatment,4,7
6986,treatment,16,10
3649,control,21,16
2658,control,6,5
9827,treatment,5,6
1518,control,13,17
5062,treatment,22,19
9350,treatment,6,6
4625,control,11,19
4273,control,7,9
3670,control,9,11
6567,treatment,12,16
5801,treatment,10,9
2091,control,12,20
7098,treatment,8,11
6172,treatment,4,1
573,control,14,14
9559,treatment,7,8
4689,control,8,8
9075,treatment,6,6
3063,control,16,17
9294,treatment,5,3
6471,treatment,13,11
7161,treatment,6,9
6634,treatment,3,5
8492,treatment,11,14
7926,treatment,3,8
7346,treatment,4,2
6305,treatment,17,23
7901,treatment,4,17
9440,treatment,16,11
8186,treatment,3,9
4480,control,14,13
4949,control,13,14
5977,treatment,4,7
371,control,7,6
1939,control,8,6
2353,control,14,10
7128,treatment,7,6
1754,control,8,4
3671,control,12,16
7299,treatment,9,8
3653,control,13,15
5202,treatment,10,17
7910,treatment,0,0
2362,control,6,5
4261,control,9,11
5433,treatment,2,10
6286,treatment,4,13
4992,control,7,15
7601,treatment,6,13
9463,treatment,15,10
3738,control,10,14
7521,treatment,0,0
8560,treatment,7,8
8927,treatment,15,12
9991,treatment,12,6
5592,treatment,9,10
1172,control,2,4
7371,treatment,11,19
7938,treatment,9,12
8087,treatment,17,15
1423,control,8,12
6783,treatment,5,8
9444,treatment,6,6
8140,treatment,21,24
9351,treatment,13,21
8019,treatment,13,10
6340,treatment,9,11
9648,treatment,15,16
875,control,3,2
2298,control,3,9
2644,control,10,3
7532,treatment,7,5
1720,control,2,4
5348,treatment,15,16
5933,treatment,10,10
841,control,14,15
9938,treatment,10,11
582,control,1,6
205,control,1,3
1642,control,16,9
2015,control,17,13
3254,control,15,22
7541,treatment,4,7
906,control,28,19
632,control,23,27
8421,treatment,10,11
7824,treatment,15,17
1975,control,4,6
163,control,24,19
4999,control,9,12
1244,control,8,7
9451,treatment,8,17
7765,treatment,14,14
4714,control,6,6
876,control,1,4
1432,control,7,5
8739,treatment,11,4
6869,treatment,2,10
4644,control,12,9
5081,treatment,5,5
5784,treatment,2,4
9139,treatment,6,5
7617,treatment,12,18
8040,treatment,15,19
7956,treatment,3,4
9438,treatment,5,4
2857,control,7,12
1862,control,6,8
2660,control,14,11
3385,control,9,9
9565,treatment,3,5
9777,treatment,8,5
8091,treatment,11,17
8348,treatment,10,14
7463,treatment,11,15
6887,treatment,7,9
4734,control,1,2
3332,control,5,16
9007,treatment,11,15
8636,treatment,15,6
6405,treatment,9,10
8347,treatment,3,4
9465,treatment,8,5
7061,treatment,14,15
2097,control,11,16
2004,control,14,16
8805,treatment,14,16
9733,treatment,3,10
4677,control,17,10
5018,treatment,5,8
7470,treatment,12,12
547,control,13,4
1450,control,8,8
3987,control,5,9
6901,treatment,5,7
2611,control,0,1
1901,control,9,8
3921,control,8,10
2758,control,13,9
6125,treatment,8,10
6398,treatment,6,9
1886,control,16,5
9824,treatment,9,11
5739,treatment,1,3
8668,treatment,13,24
5891,treatment,15,13
2098,control,7,7
9290,treatment,9,12
5693,treatment,12,11
500,control,4,5
5625,treatment,6,8
837,control,7,8
3472,control,8,9
4698,control,9,6
6281,treatment,13,11
8884,treatment,21,20
2172,control,3,5
9232,treatment,12,11
5679,treatment,8,7
9185,treatment,6,7
399,control,11,11
2011,control,9,4
5167,treatment,4,0
5872,treatment,21,16
9793,treatment,5,3
1284,control,12,10
8391,treatment,12,8
2449,control,15,14
4257,control,4,1
1837,control,7,14
9597,treatment,14,14
1020,control,9,12
5067,treatment,1,2
1327,control,11,18
8753,treatment,14,17
476,control,12,10
2811,control,9,9
8633,treatment,9,8
1652,control,14,19
9612,treatment,16,20
1170,control,9,12
2529,control,13,8
1207,control,9,8
6257,treatment,4,4
7927,treatment,13,9
5470,treatment,12,18
9384,treatment,7,15
432,control,13,10
7701,treatment,7,7
868,control,6,11
2975,control,23,11
5237,treatment,4,4
5094,treatment,3,14
5434,treatment,14,14
542,control,6,7
5196,treatment,14,13
1133,control,5,6
9838,treatment,6,9
4502,control,13,14
6355,treatment,11,15
9334,treatment,6,11
3391,control,10,5
3889,control,10,10
2963,control,16,6
4156,control,6,11
3260,control,6,8
6303,treatment,12,6
6035,treatment,10,4
7919,treatment,14,9
9937,treatment,12,7
2584,control,13,10
2814,control,8,10
3960,control,6,7
2948,control,9,10
6644,treatment,5,5
5175,treatment,10,18
6842,treatment,5,6
8299,treatment,8,10
3587,control,0,7
9229,treatment,4,11
7989,treatment,9,5
2564,control,10,19
2631,control,6,8
3191,control,5,2
7779,treatment,11,16
7646,treatment,13,14
5037,treatment,13,7
1081,control,18,8
4284,control,8,11
9712,treatment,14,13
7086,treatment,5,10
2086,control,8,12
6346,treatment,16,12
2453,control,9,9
4967,control,11,12
2024,control,11,11
8072,treatment,15,12
8988,treatment,1,2
8719,treatment,8,15
7322,treatment,2,8
227,control,19,23
1014,control,4,0
6680,treatment,18,18
1930,control,9,11
1044,control,13,13
5252,treatment,19,14
1405,control,6,4
2180,control,7,8
698,control,8,9
1125,control,8,11
7379,treatment,2,5
3896,control,0,4
8218,treatment,7,7
5111,treatment,11,7
1779,control,8,3
7787,treatment,12,3
2635,control,13,17
7188,treatment,12,12
7545,treatment,5,5
7605,treatment,9,7
3490,control,9,7
8260,treatment,10,11
1038,control,9,8
6094,treatment,10,13
2257,control,9,15
8189,treatment,13,9
2614,control,8,16
314,control,6,12
2650,control,20,16
2282,control,11,8
6742,treatment,13,14
2980,control,13,20
2548,control,17,22
5513,treatment,2,5
5133,treatment,11,16
2160,control,5,4
7081,treatment,16,19
3138,control,18,15
9080,treatment,10,15
5851,treatment,16,15
9866,treatment,8,12
6446,treatment,13,16
3968,control,6,7
1429,control,15,6
8423,treatment,11,8
2521,control,15,17
7838,treatment,14,19
4970,control,10,7
1856,control,6,11
8885,treatment,15,7
5603,treatment,11,16
9345,treatment,14,11
9869,treatment,10,13
449,control,10,14
7704,treatment,8,10
1285,control,7,11
5996,treatment,2,3
7900,treatment,24,22
3728,control,11,10
7354,treatment,13,11
362,control,13,12
6280,treatment,1,2
5231,treatment,12,12
8943,treatment,17,19
7296,treatment,18,7
8892,treatment,13,11
7535,treatment,11,13
6252,treatment,11,13
5927,treatment,9,9
5150,treatment,6,10
2461,control,7,5
23,control,8,8
2067,control,17,11
1654,control,3,10
703,control,5,10
8491,treatment,12,14
2744,control,3,2
1377,control,9,17
1725,control,17,12
2469,control,8,14
3755,control,11,12
2326,control,14,13
461,control,13,10
5164,treatment,9,10
4184,control,20,25
5527,treatment,10,11
4083,control,5,9
1487,control,15,12
3679,control,12,10
283,control,13,10
6580,treatment,18,16
4559,control,5,10
4309,control,11,22
6685,treatment,11,5
4866,control,11,3
3538,control,9,5
3869,control,7,8
7004,treatment,11,8
2582,control,14,9
1369,control,15,18
9470,treatment,1,3
8198,treatment,4,7
598,control,13,11
4352,control,8,2
6347,treatment,10,19
8977,treatment,9,13
6380,treatment,11,8
4759,control,6,4
647,control,16,11
6382,treatment,4,6
7528,treatment,12,24
9698,treatment,21,6
6024,treatment,17,11
7955,treatment,10,4
7166,treatment,13,15
3469,control,16,19
7798,treatment,9,4
7698,treatment,14,18
2991,control,20,16
9408,treatment,8,3
4876,control,5,9
2545,control,10,8
8596,treatment,5,7
5342,treatment,7,14
1568,control,12,14
9995,treatment,10,4
4067,control,5,9
3989,control,19,16
7032,treatment,16,23
2161,control,7,11
686,control,9,13
7603,treatment,9,18
7785,treatment,9,3
3244,control,12,7
5845,treatment,16,12
9220,treatment,12,9
2462,control,8,5
4084,control,9,13
2838,control,11,13
3698,control,12,13
7129,treatment,13,4
6268,treatment,18,15
4942,control,7,10
5947,treatment,11,16
4584,control,10,19
5785,treatment,13,16
4041,control,10,6
2231,control,9,12
7570,treatment,11,13
936,control,14,14
2321,control,10,8
4879,control,11,13
522,control,7,3
523,control,10,17
5346,treatment,4,7
9877,treatment,4,3
3360,control,8,7
1312,control,10,8
3984,control,6,6
6495,treatment,7,10
9561,treatment,10,11
1717,control,5,9
781,control,6,12
8799,treatment,13,16
8232,treatment,8,15
5608,treatment,11,9
5979,treatment,15,9
652,control,15,8
3748,control,7,10
2197,control,11,7
8419,treatment,13,11
370,control,16,15
9885,treatment,8,9
8006,treatment,1,3
4215,control,6,10
378,control,1,1
9447,treatment,5,1
2217,control,8,10
8683,treatment,13,17
1614,control,8,13
6980,treatment,6,3
7550,treatment,9,12
1828,control,19,19
3633,control,10,10
963,control,2,3
2994,control,20,21
6607,treatment,10,9
9673,treatment,15,4
2377,control,13,9
8881,treatment,11,10
360,control,15,5
3840,control,8,11
8185,treatment,5,6
1247,control,14,8
7505,treatment,11,9
8350,treatment,4,6
6512,treatment,8,11
5088,treatment,7,10
3695,control,11,23
1574,control,14,9
6282,treatment,19,11
5440,treatment,19,11
2568,control,13,9
3424,control,6,9
2038,control,18,12
9244,treatment,7,19
773,control,15,21
5381,treatment,13,12
9569,treatment,17,8
3563,control,4,6
563,control,7,10
6684,treatment,10,9
2547,control,6,5
5511,treatment,15,7
5331,treatment,10,8
9668,treatment,17,10
4532,control,10,13
1675,control,11,12
7396,treatment,9,11
366,control,16,21
8017,treatment,9,11
9377,treatment,8,7
4328,control,12,10
9984,treatment,11,14
148,control,8,8
1669,control,7,11
3089,control,8,11
8845,treatment,22,14
7651,treatment,0,1
408,control,9,17
9585,treatment,15,10
7789,treatment,7,8
3457,control,9,10
6187,treatment,11,16
4183,control,6,5
3577,control,12,16
3272,control,7,3
4941,control,11,12
1032,control,9,12
8873,treatment,4,5
6231,treatment,10,11
6593,treatment,10,14
8907,treatment,7,25
9812,treatment,4,2
6725,treatment,12,10
8030,treatment,9,19
8053,treatment,9,10
856,control,10,7
3927,control,16,12
8548,treatment,13,17
79,control,16,10
7089,treatment,7,14
2248,control,5,6
8264,treatment,10,8
4027,control,12,7
9950,treatment,6,8
9572,treatment,4,7
9296,treatment,13,18
715,control,14,9
7452,treatment,3,5
789,control,6,3
2280,control,1,2
4096,control,3,3
3898,control,19,16
7945,treatment,17,8
7178,treatment,7,9
9077,treatment,2,2
9453,treatment,16,23
3632,control,13,10
8625,treatment,3,2
7298,treatment,5,11
6273,treatment,11,10
425,control,8,6
393,control,7,7
3192,control,5,6
17,control,11,12
6336,treatment,1,5
4201,control,5,2
2673,control,8,4
2445,control,9,14
6698,treatment,8,10
6165,treatment,11,21
2602,control,17,16
3494,control,9,9
6045,treatment,9,12
1460,control,12,10
3805,control,15,14
9846,treatment,9,18
7395,treatment,6,5
4840,control,10,17
8112,treatment,15,14
3836,control,11,9
9314,treatment,10,9
5684,treatment,5,11
8749,treatment,9,14
5828,treatment,26,23
9749,treatment,8,12
4725,control,20,10
8760,treatment,6,8
5888,treatment,30,16
2356,control,1,0
6037,treatment,11,10
4799,control,4,11
2443,control,13,8
8646,treatment,4,11
4593,control,12,9
8773,treatment,5,13
465,control,3,12
164,control,6,10
9262,treatment,10,11
9434,treatment,6,11
8406,treatment,8,9
9778,treatment,17,14
9479,treatment,16,27
7381,treatment,13,11
6637,treatment,7,8
242,control,4,14
2010,control,9,16
6357,treatment,14,12
3085,control,3,6
6209,treatment,19,11
901,control,14,13
5543,treatment,15,10
6008,treatment,4,6
7639,treatment,11,13
6794,treatment,10,8
8870,treatment,6,7
7759,treatment,1,5
4838,control,4,8
2294,control,6,8
6549,treatment,0,0
7899,treatment,7,7
7978,treatment,11,11
4482,control,10,9
5303,treatment,20,7
4606,control,9,13
3717,control,16,9
9072,treatment,0,1
6141,treatment,14,19
1765,control,7,2
6599,treatment,4,8
1550,control,13,8
3030,control,5,4
8654,treatment,4,1
6299,treatment,14,14
6663,treatment,0,1
6627,treatment,15,12
2045,control,4,9
768,control,10,8
5694,treatment,14,16
7871,treatment,15,17
7796,treatment,5,7
1509,control,18,26
7231,treatment,10,7
7858,treatment,11,8
3303,control,9,17
4518,control,7,7
4220,control,12,8
9079,treatment,11,12
9941,treatment,11,10
3293,control,6,7
820,control,4,5
1404,control,6,5
1383,control,6,6
2149,control,9,9
6929,treatment,10,7
5672,treatment,12,10
1639,control,7,13
5892,treatment,15,15
7428,treatment,8,9
609,control,2,6
6908,treatment,9,8
400,control,8,11
7248,treatment,13,10
6407,treatment,3,6
883,control,4,1
3566,control,13,13
4286,control,16,21
1180,control,6,15
5449,treatment,11,21
4245,control,7,8
5219,treatment,20,18
3977,control,13,13
2131,control,14,11
5079,treatment,12,13
457,control,15,16
5583,treatment,15,15
5176,treatment,9,12
1951,control,11,7
5373,treatment,7,5
690,control,10,5
8853,treatment,2,7
6526,treatment,16,12
9822,treatment,3,5
6489,treatment,6,5
6922,treatment,3,3
1954,control,12,11
7635,treatment,12,17
5637,treatment,15,11
7155,treatment,18,7
8425,treatment,12,16
6611,treatment,0,0
2711,control,11,9
8731,treatment,12,10
3202,control,17,16
4350,control,7,11
4139,control,10,5
1885,control,0,1
8640,treatment,8,10
4486,control,10,6
2495,control,16,18
5948,treatment,4,5
3037,control,8,5
5778,treatment,5,9
3604,control,11,13
846,control,15,17
543,control,7,16
3725,control,11,15
4188,control,9,8
3680,control,11,16
8900,treatment,5,7
7968,treatment,7,19
8486,treatment,14,24
6076,treatment,0,1
7341,treatment,10,6
8226,treatment,4,7
7247,treatment,10,3
9711,treatment,5,4
8291,treatment,8,8
7138,treatment,8,7
2965,control,14,11
7560,treatment,13,24
2530,control,9,8
7285,treatment,4,6
5773,treatment,10,13
1049,control,5,6
7046,treatment,8,7
1961,control,7,11
2531,control,15,15
9049,treatment,14,12
7604,treatment,9,11
6525,treatment,7,10
238,control,12,8
4918,control,9,12
6480,treatment,10,5
1134,control,10,19
6977,treatment,10,10
5902,treatment,6,16
9058,treatment,6,7
4260,control,15,7
8841,treatment,3,2
6966,treatment,9,11
9980,treatment,5,1
793,control,13,9
1986,control,12,8
5657,treatment,3,0
8740,treatment,12,14
7936,treatment,5,7
6098,treatment,9,5
5908,treatment,8,3
7374,treatment,8,2
8129,treatment,14,12
2979,control,10,9
8862,treatment,12,13
9302,treatment,7,4
6722,treatment,15,13
7843,treatment,9,9
5525,treatment,5,10
8722,treatment,14,20
8432,treatment,14,10
9009,treatment,0,0
8604,treatment,12,10
7175,treatment,14,15
3920,control,6,10
3139,control,8,11
9417,treatment,5,4
9934,treatment,7,8
5790,treatment,16,14
4074,control,20,16
3288,control,24,7
3230,control,3,4
1827,control,18,9
5549,treatment,4,15
594,control,3,2
2726,control,7,6
4138,control,9,11
561,control,13,9
7407,treatment,5,2
8807,treatment,8,6
8387,treatment,9,11
244,control,2,6
7269,treatment,12,27
5436,treatment,6,5
4438,control,18,14
9685,treatment,5,9
8107,treatment,10,13
406,control,5,6
1443,control,5,1
262,control,14,8
4407,control,8,8
7634,treatment,10,6
9534,treatment,3,2
1690,control,13,11
9867,treatment,4,3
1726,control,8,13
8995,treatment,12,11
4931,control,10,11
5963,treatment,26,20
2497,control,11,9
9015,treatment,21,15
6905,treatment,7,8
6107,treatment,7,7
8201,treatment,6,8
341,control,2,2
2409,control,1,0
1602,control,15,18
9865,treatment,10,14
8360,treatment,7,4
5783,treatment,6,7
4577,control,5,7
7972,treatment,9,8
3726,control,14,16
2557,control,1,1
2786,control,11,14
1524,control,5,9
7718,treatment,15,10
2508,control,20,5
2832,control,10,16
1013,control,9,10
5281,treatment,3,2
4896,control,11,9
1767,control,3,4
4552,control,4,7
7122,treatment,5,12
6550,treatment,4,6
4038,control,7,6
8271,treatment,8,15
149,control,19,15
286,control,7,7
7801,treatment,10,11
9652,treatment,18,14
364,control,3,7
5368,treatment,20,25
9946,treatment,11,12
8411,treatment,14,8
9454,treatment,14,20
4726,control,13,12
7272,treatment,13,9
6771,treatment,13,13
4444,control,4,1
7447,treatment,9,11
237,control,2,2
7710,treatment,3,5
9586,treatment,13,17
2563,control,20,18
7124,treatment,11,8
8537,treatment,9,9
9603,treatment,13,13
5520,treatment,10,13
9614,treatment,22,16
3084,control,8,12
2960,control,15,12
2103,control,5,9
633,control,8,12
6814,treatment,7,1
2494,control,16,5
2666,control,9,19
8495,treatment,12,7
8426,treatment,9,10
9267,treatment,2,3
4212,control,3,10
3875,control,8,4
2818,control,14,18
8269,treatment,12,4
9816,treatment,12,11
7427,treatment,12,15
8603,treatment,7,7
8476,treatment,1,9
1736,control,10,15
7398,treatment,13,10
4256,control,10,11
8289,treatment,7,7
2476,control,6,11
9985,treatment,14,15
3714,control,8,12
8979,treatment,0,5
1805,control,13,9
708,control,12,10
9192,treatment,2,3
5190,treatment,5,10
5473,treatment,11,7
73,control,12,7
7844,treatment,8,9
5102,treatment,15,11
6765,treatment,10,11
1126,control,7,6
1242,control,7,6
8254,treatment,13,10
2350,control,7,12
6603,treatment,15,10
6781,treatment,13,8
4359,control,4,8
1344,control,4,5
9989,treatment,10,9
8680,treatment,11,16
9576,treatment,14,17
6653,treatment,8,7
1101,control,12,10
7328,treatment,12,12
7623,treatment,9,7
988,control,7,14
2853,control,11,18
631,control,11,11
1250,control,5,4
3180,control,12,12
483,control,14,7
3041,control,18,11
5011,treatment,10,14
8728,treatment,4,7
7001,treatment,2,9
3274,control,11,8
7228,treatment,12,9
3684,control,13,6
6675,treatment,20,10
6808,treatment,13,9
9739,treatment,13,10
1317,control,12,8
3226,control,11,9
1073,control,7,5
4816,control,2,0
8460,treatment,11,13
5753,treatment,13,25
9146,treatment,10,12
4617,control,0,0
3098,control,6,2
6870,treatment,12,6
1301,control,15,18
7286,treatment,11,9
6285,treatment,10,10
5496,treatment,7,12
5292,treatment,7,9
1799,control,9,7
5204,treatment,4,7
8228,treatment,10,10
5048,treatment,10,6
6442,treatment,8,13
8106,treatment,1,6
2360,control,20,16
9381,treatment,14,13
3655,control,14,13
7053,treatment,9,8
1287,control,3,4
9127,treatment,4,14
4446,control,5,3
2138,control,17,15
6788,treatment,10,6
9753,treatment,13,15
8511,treatment,6,12
9540,treatment,13,21
6895,treatment,11,12
8570,treatment,6,4
7152,treatment,11,14
964,control,5,7
6013,treatment,10,15
4883,control,9,10
141,control,10,8
9033,treatment,17,14
6937,treatment,10,10
6543,treatment,19,9
5244,treatment,22,16
4432,control,3,3
407,control,16,9
8213,treatment,12,13
8377,treatment,3,5
8628,treatment,4,5
8235,treatment,8,11
4400,control,4,4
5253,treatment,20,17
12,control,17,16
4761,control,13,8
1178,control,8,12
2864,control,18,16
6472,treatment,13,9
6229,treatment,8,4
2990,control,20,16
7118,treatment,7,5
7011,treatment,3,3
8558,treatment,26,12
1441,control,10,13
9748,treatment,5,7
2876,control,2,5
9099,treatment,4,8
8789,treatment,7,7
7233,treatment,3,3
3727,control,9,14
2773,control,6,5
455,control,15,12
8190,treatment,4,13
1368,control,16,11
3713,control,13,7
9853,treatment,10,12
1389,control,19,11
1001,control,8,17
7762,treatment,9,2
3554,control,4,3
4115,control,7,6
1668,control,12,11
3174,control,18,7
9398,treatment,7,5
489,control,7,8
3231,control,4,7
3829,control,11,12
8652,treatment,11,18
5209,treatment,5,15
7849,treatment,2,6
5705,treatment,6,1
9640,treatment,13,13
8134,treatment,6,3
704,control,13,5
5106,treatment,5,13
8894,treatment,13,14
3292,control,11,7
8126,treatment,4,6
9632,treatment,16,20
9022,treatment,15,10
4910,control,11,12
4441,control,9,9
987,control,6,3
9237,treatment,12,11
9884,treatment,7,12
7706,treatment,8,5
6258,treatment,11,13
6090,treatment,9,12
5239,treatment,6,7
1199,control,16,20
9071,treatment,16,12
7520,treatment,0,1
6813,treatment,9,9
8321,treatment,22,7
7176,treatment,16,16
4471,control,13,11
892,control,8,8
1970,control,8,8
5758,treatment,16,7
6528,treatment,8,16
6295,treatment,4,7
7596,treatment,6,5
3250,control,12,8
6571,treatment,8,6
6639,treatment,11,9
7352,treatment,11,8
9173,treatment,9,12
7474,treatment,9,5
9602,treatment,9,10
8674,treatment,14,12
1240,control,18,18
2290,control,4,2
2741,control,12,4
4586,control,12,13
1230,control,9,11
6981,treatment,24,14
5179,treatment,3,1
4294,control,14,17
1059,control,10,14
6263,treatment,7,12
282,control,6,1
969,control,12,13
3954,control,11,11
1940,control,7,5
8465,treatment,14,12
1275,control,10,10
620,control,15,7
8506,treatment,18,6
1743,control,12,13
1391,control,9,11
2204,control,12,14
3569,control,13,10
6117,treatment,5,7
9971,treatment,15,20
6053,treatment,5,4
3179,control,14,17
3193,control,6,16
6100,treatment,5,11
7030,treatment,15,14
576,control,8,4
6657,treatment,6,8
7116,treatment,10,14
8803,treatment,3,11
6277,treatment,11,17
8985,treatment,14,7
5898,treatment,18,15
5725,treatment,12,6
270,control,16,13
630,control,0,0
3082,control,4,6
3467,control,18,16
6431,treatment,3,5
9312,treatment,4,11
7063,treatment,12,14
9728,treatment,17,10
5544,treatment,5,6
4357,control,15,11
2114,control,15,13
8220,treatment,18,8
3217,control,5,3
3815,control,15,6
8322,treatment,9,7
8590,treatment,0,1
2279,control,5,6
4600,control,20,16
14,control,11,15
9226,treatment,8,9
1526,control,13,10
2366,control,13,19
4649,control,7,10
375,control,15,12
8522,treatment,7,9
6478,treatment,1,4
526,control,4,13
6896,treatment,8,9
3592,control,14,14
7905,treatment,12,7
2959,control,11,7
530,control,11,16
3715,control,11,6
4733,control,22,19
1395,control,2,5
5632,treatment,15,20
6564,treatment,6,12
4704,control,8,13
1713,control,14,15
9756,treatment,16,23
956,control,19,13
6676,treatment,8,6
3454,control,15,19
2072,control,4,4
9741,treatment,14,13
159,control,4,11
7006,treatment,13,9
353,control,6,7
6079,treatment,13,15
6237,treatment,9,14
2921,control,13,6
4645,control,12,11
662,control,10,10
7058,treatment,5,7
3666,control,3,6
7980,treatment,18,14
307,control,8,8
4791,control,1,3
2357,control,13,11
1928,control,3,3
9940,treatment,5,7
3428,control,13,18
3639,control,8,6
1267,control,8,7
1561,control,10,10
7180,treatment,9,8
4110,control,9,16
7868,treatment,8,6
4905,control,27,16
7295,treatment,12,8
515,control,7,8
895,control,8,7
22,control,12,6
900,control,7,6
208,control,5,6
459,control,7,7
2431,control,4,5
8443,treatment,11,10
3390,control,6,7
3912,control,18,27
5384,treatment,10,12
553,control,15,10
3145,control,8,8
6918,treatment,11,9
2057,control,11,8
1926,control,7,3
635,control,16,9
6083,treatment,16,13
9271,treatment,6,9
9679,treatment,3,4
106,control,13,7
3042,control,10,9
1710,control,7,12
90,control,12,10
7015,treatment,11,10
3175,control,4,15
918,control,12,14
7834,treatment,10,15
6733,treatment,7,9
1950,control,23,14
6369,treatment,7,12
2,control,5,3
8033,treatment,8,14
6048,treatment,12,12
2721,control,8,12
9813,treatment,1,0
3118,control,14,9
9466,treatment,20,21
3763,control,12,15
214,control,7,11
779,control,9,7
3497,control,8,13
8818,treatment,6,4
2044,control,8,4
5421,treatment,16,19
6155,treatment,19,15
8358,treatment,18,10
8708,treatment,16,12
8466,treatment,12,13
4168,control,4,5
3789,control,19,15
584,control,6,6
9912,treatment,5,5
9987,treatment,20,14
117,control,13,10
6645,treatment,8,8
9034,treatment,13,21
9952,treatment,14,17
8960,treatment,6,10
1764,control,9,9
1876,control,5,2
3225,control,9,7
527,control,10,11
7726,treatment,15,14
2947,control,13,10
4474,control,11,13
5656,treatment,6,15
6060,treatment,26,19
960,control,14,11
6343,treatment,8,17
3634,control,11,10
1051,control,5,7
3381,control,13,8
3677,control,4,3
5777,treatment,7,18
9046,treatment,9,9
6574,treatment,7,7
5180,treatment,7,14
1608,control,9,10
3611,control,13,12
9759,treatment,17,22
6636,treatment,12,12
9998,treatment,11,9
792,control,2,6
3057,control,4,10
1981,control,11,13
3599,control,1,3
934,control,18,22
7425,treatment,6,8
5627,treatment,13,10
1683,control,6,6
4180,control,10,9
6447,treatment,13,22
4117,control,16,11
989,control,10,9
2897,control,18,15
3779,control,8,11
5659,treatment,15,13
3094,control,4,6
3156,control,6,10
1824,control,17,9
9623,treatment,10,5
1099,control,13,14
2845,control,6,6
3343,control,16,14
39,control,8,5
6541,treatment,3,2
9474,treatment,11,21
3357,control,7,11
7814,treatment,16,15
8221,treatment,5,6
9228,treatment,3,11
2429,control,6,12
5044,treatment,1,6
5347,treatment,6,8
4812,control,10,13
8477,treatment,8,7
687,control,13,14
4800,control,10,9
7438,treatment,7,11
2354,control,14,7
6354,treatment,8,10
4570,control,12,8
8214,treatment,5,1
2753,control,1,6
8074,treatment,9,13
1041,control,6,4
7492,treatment,10,6
1266,control,9,10
9266,treatment,7,6
7060,treatment,7,19
278,control,7,6
5085,treatment,11,14
2383,control,4,4
572,control,6,14
1436,control,15,9
5353,treatment,14,16
5446,treatment,9,8
1008,control,12,7
4544,control,8,9
8817,treatment,11,9
2065,control,6,7
1137,control,5,16
5344,treatment,2,2
295,control,6,12
2404,control,8,10
3999,control,2,4
3742,control,7,3
9223,treatment,8,12
2720,control,5,7
9200,treatment,8,6
5151,treatment,16,21
2809,control,8,10
557,control,5,10
8926,treatment,15,11
4796,control,6,3
2470,control,5,12
3739,control,10,9
4287,control,7,7
2605,control,14,16
363,control,8,15
6925,treatment,6,11
1705,control,16,15
2140,control,9,17
3240,control,6,6
2384,control,9,7
7315,treatment,5,5
4312,control,10,9
1313,control,6,9
3931,control,2,4
6184,treatment,3,6
1592,control,7,4
9388,treatment,7,9
2163,control,18,13
2397,control,9,6
318,control,6,9
5234,treatment,24,20
5069,treatment,8,15
4037,control,21,14
3021,control,6,6
8229,treatment,10,6
5296,treatment,16,19
3973,control,12,13
5371,treatment,17,12
4134,control,17,8
975,control,8,3
7292,treatment,5,8
955,control,9,6
9307,treatment,6,11
5017,treatment,5,6
9731,treatment,10,9
7491,treatment,2,6
1641,control,2,3
1291,control,7,13
1381,control,15,17
1934,control,12,17
4676,control,10,9
893,control,7,6
7288,treatment,19,13
4877,control,16,14
7907,treatment,16,12
8195,treatment,11,13
9380,treatment,9,15
2467,control,8,12
7658,treatment,5,7
1914,control,0,0
2737,control,6,10
727,control,12,10
7215,treatment,10,9
8246,treatment,7,7
1797,control,8,7
3846,control,1,0
6403,treatment,8,8
937,control,4,8
2266,control,20,9
825,control,4,4
7275,treatment,6,5
1390,control,7,5
3565,control,19,18
5430,treatment,20,16
7828,treatment,6,11
5691,treatment,10,15
7879,treatment,4,9
1869,control,9,13
8203,treatment,6,12
7487,treatment,9,9
807,control,6,10
4806,control,4,3
9153,treatment,5,5
7512,treatment,12,6
8057,treatment,9,10
4495,control,12,12
2633,control,9,8
8901,treatment,18,18
8624,treatment,10,15
7833,treatment,9,9
4389,control,2,1
146,control,8,7
6468,treatment,11,7
2034,control,7,5
9128,treatment,7,8
1166,control,6,5
2051,control,11,18
3761,control,8,11
4436,control,8,16
3431,control,4,2
8191,treatment,9,16
8754,treatment,6,8
7070,treatment,10,17
4362,control,7,10
1772,control,8,7
3512,control,3,3
272,control,11,8
8437,treatment,10,21
2033,control,15,8
9665,treatment,8,7
3811,control,17,12
4347,control,7,10
546,control,7,6
3242,control,6,8
8503,treatment,9,11
9919,treatment,9,4
7565,treatment,6,6
921,control,8,9
9119,treatment,13,6
6641,treatment,9,8
7695,treatment,14,12
8231,treatment,13,12
7127,treatment,4,8
4279,control,8,9
2984,control,11,3
131,control,9,4
7981,treatment,9,4
2668,control,7,7
7139,treatment,23,28
3224,control,2,4
7694,treatment,15,9
5393,treatment,1,5
615,control,4,6
9903,treatment,17,20
1467,control,5,7
4498,control,4,1
3043,control,7,5
2420,control,1,2
5086,treatment,26,16
3295,control,10,13
6738,treatment,23,14
1501,control,12,7
1522,control,0,0
9118,treatment,0,0
4233,control,4,7
7687,treatment,12,11
4431,control,7,4
391,control,0,5
9859,treatment,2,10
7125,treatment,14,8
5914,treatment,10,7
8593,treatment,11,9
4807,control,11,15
8955,treatment,16,11
8239,treatment,12,4
8045,treatment,10,10
9783,treatment,7,11
3994,control,6,6
9552,treatment,9,16
6610,treatment,5,7
5320,treatment,5,14
7120,treatment,3,4
2422,control,14,6
5605,treatment,16,14
1751,control,7,8
9016,treatment,11,11
9719,treatment,14,16
339,control,14,12
8408,treatment,4,6
1342,control,15,11
9545,treatment,10,6
7983,treatment,12,8
3641,control,4,3
330,control,7,10
8829,treatment,1,2
3005,control,12,9
6961,treatment,0,1
4091,control,17,21
2323,control,10,8
6668,treatment,12,12
7010,treatment,11,9
4198,control,5,2
3550,control,9,11
8364,treatment,8,8
4204,control,14,13
9311,treatment,13,14
8937,treatment,3,6
6186,treatment,3,8
1640,control,6,9
61,control,5,6
1241,control,14,15
5761,treatment,11,24
5137,treatment,9,17
2344,control,7,9
2121,control,17,14
1525,control,6,4
7618,treatment,9,14
154,control,10,6
482,control,13,18
6123,treatment,20,13
7675,treatment,8,18
7102,treatment,7,12
1763,control,5,10
7716,treatment,2,5
9082,treatment,9,11
7480,treatment,9,12
6213,treatment,11,13
4854,control,2,0
2712,control,8,15
6767,treatment,17,13
4151,control,11,13
1334,control,7,9
8379,treatment,4,12
9390,treatment,9,10
9708,treatment,11,5
9122,treatment,1,5
3851,control,10,14
8341,treatment,13,10
4125,control,21,17
8964,treatment,0,5
4789,control,21,16
2867,control,16,14
1387,control,23,14
5942,treatment,4,6
3068,control,13,12
9059,treatment,10,13
3630,control,14,9
9456,treatment,16,19
8950,treatment,15,15
3029,control,10,4
2970,control,5,17
8647,treatment,11,9
6137,treatment,6,7
8802,treatment,15,14
4264,control,6,11
646,control,7,11
9654,treatment,16,17
2075,control,16,10
342,control,9,19
8042,treatment,17,16
1623,control,8,17
7142,treatment,19,17
5797,treatment,28,14
7185,treatment,13,8
8233,treatment,8,15
5476,treatment,7,7
9253,treatment,14,11
75,control,10,15
8634,treatment,17,16
9230,treatment,12,7
2052,control,10,10
2542,control,10,8
1302,control,3,1
5878,treatment,3,8
7369,treatment,11,14
1305,control,7,7
8429,treatment,14,17
9095,treatment,3,13
2600,control,12,9
2574,control,12,14
3187,control,5,7
2769,control,10,17
4832,control,2,3
4224,control,2,8
9650,treatment,10,11
2107,control,16,15
2680,control,8,12
1388,control,7,8
8932,treatment,5,5
9660,treatment,14,12
7084,treatment,11,19
1280,control,8,9
805,control,16,16
1556,control,4,9
9487,treatment,5,10
4567,control,0,0
9670,treatment,20,10
4842,control,6,3
3595,control,9,5
6036,treatment,8,8
6853,treatment,8,11
8706,treatment,8,12
4178,control,9,10
1309,control,0,0
3453,control,20,18
3696,control,7,14
4243,control,11,6
2199,control,7,11
4426,control,7,9
6151,treatment,7,9
944,control,13,13
823,control,3,7
5006,treatment,3,7
6613,treatment,9,11
8357,treatment,1,3
5620,treatment,14,9
4548,control,11,12
2539,control,9,11
5208,treatment,6,9
9515,treatment,6,12
9010,treatment,3,6
3055,control,9,5
3676,control,20,16
7777,treatment,25,20
7219,treatment,8,10
6723,treatment,6,7
3301,control,6,8
3311,control,13,4
7222,treatment,15,10
8520,treatment,16,14
5955,treatment,5,9
833,control,3,8
3463,control,5,6
7644,treatment,11,5
55,control,7,11
3452,control,19,10
6306,treatment,19,14
1482,control,11,12
4874,control,6,3
8039,treatment,17,12
3336,control,9,11
6017,treatment,16,13
4927,control,13,23
5798,treatment,12,12
9832,treatment,13,14
5084,treatment,5,13
6646,treatment,13,12
5491,treatment,10,8
769,control,4,4
2066,control,8,9
9501,treatment,2,5
7312,treatment,16,17
8478,treatment,20,24
4525,control,21,10
2718,control,7,7
2080,control,4,8
8915,treatment,12,12
952,control,13,11
8059,treatment,22,8
2483,control,13,14
1760,control,14,10
4423,control,2,7
6705,treatment,8,7
5183,treatment,10,11
8534,treatment,11,13
3702,control,8,4
4244,control,2,13
689,control,10,13
3433,control,8,11
4945,control,11,10
967,control,6,10
9485,treatment,9,6
2714,control,9,6
4758,control,12,17
9546,treatment,13,9
6321,treatment,3,4
5976,treatment,10,10
3573,control,7,12
5300,treatment,11,15
1991,control,18,15
1206,control,8,9
4972,control,5,3
6784,treatment,15,15
3601,control,14,22
6491,treatment,11,13
8610,treatment,10,9
9979,treatment,11,13
8071,treatment,12,20
8578,treatment,12,8
7974,treatment,11,13
1626,control,21,15
537,control,10,8
8767,treatment,16,13
7971,treatment,12,8
4213,control,18,14
6457,treatment,8,8
3508,control,11,10
8394,treatment,2,10
7113,treatment,17,16
2709,control,16,15
5032,treatment,12,16
6515,treatment,5,5
4663,control,19,12
4022,control,8,12
1855,control,11,12
9426,treatment,17,16
2873,control,1,2
3031,control,9,11
1646,control,8,12
3418,control,10,23
3477,control,2,3
9553,treatment,24,22
1793,control,16,12
3798,control,3,8
3369,control,10,16
7197,treatment,8,7
9642,treatment,9,9
5110,treatment,14,7
6025,treatment,4,6
8796,treatment,23,14
9295,treatment,10,5
127,control,12,18
5960,treatment,17,20
3877,control,5,9
4452,control,7,5
7148,treatment,14,11
3532,control,7,8
828,control,16,12
7791,treatment,7,8
985,control,9,13
7784,treatment,10,11
2444,control,5,10
8555,treatment,14,17
346,control,2,1
815,control,13,5
6167,treatment,16,15
5780,treatment,9,4
2117,control,13,8
794,control,14,12
6899,treatment,11,4
2675,control,7,10
95,control,4,3
4226,control,12,15
3757,control,11,9
2892,control,11,17
2372,control,7,7
9389,treatment,11,10
3229,control,15,10
7864,treatment,7,10
6360,treatment,12,8
9197,treatment,3,7
7327,treatment,9,21
6029,treatment,15,15
1866,control,7,6
4613,control,6,8
2646,control,10,6
2244,control,6,14
5374,treatment,13,11
2337,control,18,16
951,control,4,5
1121,control,13,13
2205,control,14,14
420,control,12,14
923,control,11,4
8670,treatment,14,7
5409,treatment,4,6
5789,treatment,9,12
5743,treatment,16,14
7668,treatment,4,4
5568,treatment,6,1
8136,treatment,13,11
1203,control,13,12
5766,treatment,6,13
8390,treatment,28,14
1971,control,4,7
4019,control,8,10
3688,control,13,13
1998,control,15,9
4034,control,10,17
1249,control,11,8
2193,control,9,8
2713,control,11,13
2191,control,12,10
4671,control,0,0
5143,treatment,8,5
5985,treatment,0,0
6566,treatment,13,15
7805,treatment,5,4
6944,treatment,15,8
2137,control,12,11
1066,control,8,12
601,control,15,9
4228,control,23,21
7578,treatment,10,10
78,control,6,15
7547,treatment,11,8
2899,control,5,3
4821,control,8,8
9303,treatment,14,10
6414,treatment,8,6
9065,treatment,5,7
8008,treatment,6,5
5469,treatment,17,8
5952,treatment,14,8
3392,control,7,4
5416,treatment,9,4
2561,control,15,16
8163,treatment,3,13
2636,control,18,17
5257,treatment,12,15
3531,control,11,21
8568,treatment,16,9
1909,control,9,5
236,control,9,13
1605,control,9,10
7985,treatment,16,16
3491,control,5,2
1995,control,9,13
2825,control,10,9
9286,treatment,17,17
1343,control,14,8
8513,treatment,7,9
1620,control,9,8
5288,treatment,5,3
2061,control,3,4
9956,treatment,14,10
2220,control,6,5
6039,treatment,3,5
261,control,8,7
9366,treatment,2,4
9094,treatment,5,7
3745,control,23,14
2027,control,17,12
6989,treatment,8,10
4235,control,8,12
1918,control,17,14
1829,control,9,10
6234,treatment,22,17
9333,treatment,13,8
6284,treatment,8,6
4209,control,11,10
225,control,8,3
8916,treatment,5,11
6470,treatment,16,12
9414,treatment,0,1
847,control,25,23
4290,control,7,9
5561,treatment,18,19
2552,control,9,9
118,control,12,6
8838,treatment,10,7
5967,treatment,4,10
8196,treatment,7,11
8660,treatment,11,13
7490,treatment,13,8
6,control,6,6
5343,treatment,5,13
9112,treatment,15,13
4325,control,5,5
1064,control,14,11
2591,control,7,3
8435,treatment,10,11
3736,control,6,8
3518,control,10,8
6987,treatment,7,6
6768,treatment,8,9
5623,treatment,15,12
1606,control,19,14
1734,control,4,5
9342,treatment,12,11
3813,control,13,5
9625,treatment,9,11
1762,control,7,6
5402,treatment,15,17
2740,control,11,9
2473,control,10,9
6739,treatment,7,10
6892,treatment,8,4
7944,treatment,6,14
4207,control,10,12
6372,treatment,17,16
233,control,12,9
8259,treatment,10,12
7562,treatment,7,12
6169,treatment,8,6
3597,control,4,8
6289,treatment,9,10
4633,control,9,4
126,control,15,9
7642,treatment,14,26
6230,treatment,10,8
1297,control,2,2
1977,control,1,2
9481,treatment,10,11
9582,treatment,6,5
5751,treatment,8,14
8153,treatment,10,6
3087,control,5,5
9277,treatment,9,5
6883,treatment,13,17
9306,treatment,20,7
7674,treatment,7,10
3346,control,14,9
8173,treatment,7,7
9422,treatment,9,13
5871,treatment,9,9
6507,treatment,8,9
2798,control,12,8
919,control,21,9
1647,control,14,8
5123,treatment,5,8
5127,treatment,11,12
4622,control,6,10
6810,treatment,10,8
365,control,13,6
2126,control,11,4
8151,treatment,8,11
8718,treatment,16,12
56,control,9,10
639,control,18,9
303,control,20,12
5812,treatment,11,8
1277,control,1,9
4433,control,13,9
3645,control,9,7
4144,control,9,10
2879,control,4,4
6494,treatment,4,9
5241,treatment,14,14
9409,treatment,14,21
6938,treatment,7,9
7241,treatment,17,15
2594,control,15,17
2394,control,11,7
524,control,5,11
6377,treatment,4,2
6982,treatment,5,7
6678,treatment,10,9
3901,control,21,13
9635,treatment,7,14
5586,treatment,11,8
9361,treatment,6,11
7957,treatment,9,11
7571,treatment,0,0
6778,treatment,9,13
672,control,12,14
4189,control,6,5
667,control,3,4
3267,control,0,0
1888,control,10,9
8473,treatment,17,16
9092,treatment,11,6
7688,treatment,11,12
6032,treatment,14,19
6091,treatment,6,11
6239,treatment,5,5
7351,treatment,15,22
7831,treatment,19,27
761,control,10,16
6255,treatment,10,9
1907,control,12,10
3819,control,14,14
6270,treatment,9,13
4301,control,11,5
5570,treatment,11,7
7942,treatment,11,10
4165,control,5,9
5972,treatment,11,7
3580,control,4,3
2833,control,16,16
5450,treatment,6,13
3473,control,13,21
6328,treatment,11,6
138,control,11,15
7044,treatment,19,15
4893,control,4,7
2181,control,22,11
7731,treatment,11,10
3178,control,10,12
4855,control,12,9
4638,control,2,5
5116,treatment,7,11
7649,treatment,12,14
4262,control,19,13
1332,control,6,2
7003,treatment,5,2
6942,treatment,3,2
8018,treatment,14,22
6242,treatment,11,10
9988,treatment,11,9
6882,treatment,8,11
4531,control,13,11
4674,control,12,9
6997,treatment,6,10
1253,control,4,6
3375,control,11,8
2815,control,13,9
4720,control,14,9
6545,treatment,14,8
4859,control,8,10
7902,treatment,21,20
8581,treatment,3,5
8428,treatment,6,16
1078,control,19,13
4364,control,8,9
771,control,18,21
8866,treatment,8,9
250,control,7,3
7240,treatment,6,8
3420,control,12,11
4977,control,7,10
4545,control,13,11
5566,treatment,12,12
7940,treatment,18,18
717,control,2,2
9653,treatment,12,11
2049,control,6,8
5998,treatment,16,16
6601,treatment,9,9
7246,treatment,8,13
4179,control,5,1
4810,control,10,12
9483,treatment,12,12
7141,treatment,4,3
7191,treatment,12,12
1461,control,12,13
5990,treatment,12,5
2001,control,9,10
8176,treatment,4,7
405,control,10,13
385,control,1,2
9449,treatment,10,4
9488,treatment,7,7
1634,control,11,6
9854,treatment,13,15
4785,control,5,9
9457,treatment,10,5
6971,treatment,12,11
3926,control,19,14
4159,control,11,17
7450,treatment,7,12
8416,treatment,9,8
2194,control,10,10
1016,control,11,13
5125,treatment,17,9
7419,treatment,3,4
7410,treatment,14,11
8990,treatment,4,6
2872,control,5,8
10,control,10,9
1839,control,17,14
4805,control,6,8
256,control,14,12
7027,treatment,15,13
5714,treatment,20,17
3325,control,11,12
7715,treatment,10,6
1582,control,15,12
925,control,9,8
2780,control,9,6
7892,treatment,10,12
6133,treatment,9,15
5321,treatment,12,12
7313,treatment,9,9
7103,treatment,11,13
6043,treatment,3,11
3776,control,4,7
4836,control,6,5
4965,control,10,6
540,control,8,6
7484,treatment,0,0
2746,control,14,20
3720,control,7,8
6820,treatment,7,8
9338,treatment,8,10
4469,control,13,20
668,control,10,14
7576,treatment,6,11
8550,treatment,14,14
5064,treatment,11,10
1354,control,8,7
7115,treatment,4,4
9774,treatment,9,12
8663,treatment,7,13
2704,control,16,13
3331,control,12,11
8054,treatment,13,8
3585,control,8,7
9442,treatment,1,4
5646,treatment,1,5
3377,control,6,12
1257,control,16,12
6191,treatment,8,4
5349,treatment,9,15
4176,control,9,9
4911,control,12,3
1853,control,12,6
6317,treatment,6,11
9855,treatment,7,13
2106,control,9,8
134,control,14,15
5030,treatment,2,3
929,control,6,8
824,control,1,2
7577,treatment,8,14
1532,control,4,14
1215,control,0,1
505,control,0,0
6531,treatment,6,6
3073,control,3,6
9087,treatment,11,11
8648,treatment,18,17
6620,treatment,5,10
9274,treatment,9,8
3710,control,12,6
4850,control,11,12
4749,control,2,5
4269,control,10,15
9879,treatment,6,7
8906,treatment,9,18
4187,control,12,14
5302,treatment,7,7
2924,control,4,8
6589,treatment,8,7
1811,control,1,2
3487,control,15,10
7420,treatment,7,5
3142,control,18,21
9348,treatment,10,9
1325,control,17,15
4313,control,15,12
7495,treatment,8,3
8703,treatment,5,16
8692,treatment,8,8
9504,treatment,24,13
5542,treatment,12,9
6173,treatment,12,10
1541,control,6,13
9410,treatment,4,4
2682,control,8,8
9883,treatment,11,10
6314,treatment,6,11
1192,control,17,16
5294,treatment,21,19
1543,control,8,12
7057,treatment,23,27
2540,control,12,9
954,control,2,7
7242,treatment,6,8
6732,treatment,13,14
4847,control,12,8
6802,treatment,20,14
8011,treatment,13,12
4331,control,20,15
8925,treatment,4,6
5335,treatment,13,17
7331,treatment,8,8
9349,treatment,8,9
4730,control,6,12
6542,treatment,9,15
5306,treatment,23,16
5162,treatment,3,4
7861,treatment,2,12
2157,control,14,7
1063,control,6,9
1168,control,16,15
3637,control,8,5
7652,treatment,4,9
5589,treatment,4,8
7193,treatment,15,16
4492,control,8,3
7267,treatment,10,11
4981,control,5,9
8336,treatment,8,7
9953,treatment,9,10
4947,control,13,13
2783,control,16,10
718,control,15,15
2503,control,16,17
4361,control,12,11
4172,control,18,12
8083,treatment,12,14
9761,treatment,9,9
396,control,12,15
7187,treatment,8,8
9823,treatment,9,4
4493,control,7,9
1366,control,7,9
9527,treatment,11,10
8788,treatment,15,21
5918,treatment,1,12
4969,control,10,9
2915,control,6,8
5645,treatment,15,13
3767,control,12,16
3441,control,15,16
7358,treatment,10,8
6807,treatment,17,13
2144,control,12,13
5105,treatment,9,9
5074,treatment,10,10
1572,control,7,8
4080,control,4,8
1123,control,5,5
2787,control,10,2
2968,control,7,6
2505,control,18,13
5989,treatment,9,9
8868,treatment,15,15
7165,treatment,6,10
729,control,8,4
7588,treatment,9,4
7544,treatment,6,6
413,control,3,7
5746,treatment,16,15
7669,treatment,7,21
826,control,12,11
3268,control,12,9
3975,control,7,5
8809,treatment,16,16
8307,treatment,1,7
418,control,19,22
6749,treatment,12,10
8968,treatment,13,17
2083,control,5,7
8946,treatment,22,10
3374,control,5,7
5727,treatment,3,6
4108,control,14,16
4381,control,16,19
7724,treatment,2,1
1067,control,6,4
3914,control,3,1
5537,treatment,7,8
8003,treatment,11,17
5388,treatment,6,10
5733,treatment,16,15
2739,control,27,18
5053,treatment,14,14
4001,control,8,6
2428,control,9,6
6834,treatment,8,5
1688,control,15,8
852,control,9,4
6304,treatment,6,8
9088,treatment,6,8
5879,treatment,21,15
8528,treatment,21,22
2840,control,10,15
4612,control,22,23
9541,treatment,7,7
9208,treatment,13,20
2490,control,12,13
6906,treatment,12,13
7391,treatment,2,5
2850,control,14,12
6666,treatment,9,10
5882,treatment,5,7
4453,control,5,7
7422,treatment,7,10
6485,treatment,7,16
2480,control,9,13
6618,treatment,11,15
2142,control,6,7
5189,treatment,13,16
9705,treatment,24,14
2745,control,11,12
7254,treatment,12,13
3507,control,11,10
1680,control,8,6
4250,control,17,21
3148,control,14,18
8131,treatment,8,6
7005,treatment,7,14
581,control,0,0
4071,control,7,5
3344,control,16,5
7405,treatment,14,15
3673,control,7,17
560,control,10,4
5238,treatment,6,11
7806,treatment,13,15
513,control,9,9
1082,control,14,11
1665,control,9,14
9205,treatment,7,9
1932,control,11,11
9667,treatment,3,7
1151,control,13,21
2839,control,14,24
5950,treatment,21,30
8309,treatment,4,13
8933,treatment,5,6
9789,treatment,10,15
5178,treatment,19,23
831,control,23,10
8312,treatment,12,11
4753,control,7,11
9851,treatment,5,8
636,control,7,7
4466,control,17,15
6800,treatment,13,18
7988,treatment,13,11
7080,treatment,14,12
6967,treatment,18,23
4143,control,12,13
7028,treatment,9,12
9184,treatment,18,18
877,control,5,13
4870,control,8,12
5316,treatment,18,15
5223,treatment,17,17
5,control,0,3
3052,control,6,4
5692,treatment,8,9
3125,control,10,13
2492,control,7,8
3855,control,11,9
4778,control,4,6
7510,treatment,5,11
6458,treatment,10,14
6294,treatment,11,9
1149,control,17,18
575,control,8,8
3770,control,12,11
4147,control,5,11
854,control,10,12
5920,treatment,10,18
9359,treatment,14,20
6615,treatment,16,16
6003,treatment,14,7
9164,treatment,6,11
4496,control,8,5
8174,treatment,10,8
6656,treatment,11,16
2369,control,8,9
4781,control,7,13
7993,treatment,20,24
2951,control,5,6
5626,treatment,13,14
6972,treatment,16,16
8717,treatment,5,11
1842,control,16,11
5987,treatment,8,5
538,control,13,16
2807,control,17,17
5802,treatment,1,5
5597,treatment,10,11
7207,treatment,11,15
7344,treatment,11,17
7561,treatment,4,17
8097,treatment,6,6
785,control,6,9
1410,control,13,8
155,control,5,9
7807,treatment,5,6
3010,control,7,10
1687,control,7,5
4015,control,15,14
7456,treatment,14,14
3864,control,17,22
2734,control,8,13
1896,control,9,9
5443,treatment,10,16
570,control,10,19
6710,treatment,12,16
5855,treatment,9,6
1817,control,15,19
8320,treatment,12,19
3395,control,14,11
3328,control,11,16
9983,treatment,3,9
6103,treatment,11,9
2976,control,20,9
981,control,9,20
191,control,18,14
9332,treatment,4,8
5089,treatment,3,6
700,control,11,12
9760,treatment,12,10
607,control,12,18
302,control,7,0
3421,control,13,10
9805,treatment,7,11
1061,control,8,7
3445,control,14,12
1070,control,8,5
2206,control,15,8
9436,treatment,10,17
7340,treatment,2,7
8209,treatment,10,8
7680,treatment,6,7
4643,control,11,9
7684,treatment,3,4
9008,treatment,8,8
7997,treatment,23,17
5601,treatment,11,15
9152,treatment,11,8
7023,treatment,5,7
4894,control,10,7
226,control,6,17
3355,control,9,5
5896,treatment,11,12
8755,treatment,10,10
3437,control,8,4
1694,control,6,4
6894,treatment,16,11
1046,control,5,8
3447,control,8,9
8051,treatment,7,14
9147,treatment,11,12
9982,treatment,11,12
4736,control,10,12
4497,control,10,7
1219,control,4,6
6016,treatment,5,3
9720,treatment,10,8
3988,control,8,10
4912,control,8,14
9493,treatment,4,4
4494,control,6,7
6945,treatment,8,19
5700,treatment,3,3
8353,treatment,12,14
957,control,9,6
2870,control,11,16
4434,control,15,10
4974,control,0,0
2962,control,13,8
2201,control,8,13
99,control,9,7
9850,treatment,10,10
2558,control,17,18
8446,treatment,10,13
4200,control,13,10
9638,treatment,2,12
5540,treatment,6,8
1649,control,10,13
6198,treatment,18,16
6296,treatment,1,3
4500,control,7,6
1155,control,17,4
2256,control,7,2
3171,control,14,13
7401,treatment,7,11
7159,treatment,13,8
3109,control,6,2
4549,control,15,13
5424,treatment,10,11
2050,control,8,2
9209,treatment,0,0
8816,treatment,16,6
9798,treatment,12,16
263,control,9,10
4062,control,15,15
5535,treatment,10,16
6617,treatment,15,12
8121,treatment,17,12
8156,treatment,3,6
1803,control,11,6
4737,control,4,7
2386,control,10,7
6695,treatment,6,4
5760,treatment,0,1
1960,control,10,13
2977,control,6,9
8681,treatment,13,17
1844,control,7,4
1735,control,4,6
2912,control,20,17
8339,treatment,2,4
1987,control,11,7
9562,treatment,11,11
6547,treatment,9,12
7099,treatment,4,11
2812,control,9,10
660,control,6,11
2512,control,18,8
4283,control,21,13
9340,treatment,11,13
8801,treatment,14,11
6288,treatment,9,10
1931,control,1,7
7126,treatment,12,13
198,control,7,7
7778,treatment,6,10
2932,control,15,14
8005,treatment,9,6
2328,control,20,16
4390,control,12,21
8959,treatment,7,13
4219,control,11,19
203,control,8,9
3511,control,10,12
4932,control,6,4
5536,treatment,9,8
5792,treatment,15,11
1708,control,11,12
5173,treatment,10,5
5250,treatment,5,6
6529,treatment,16,14
9849,treatment,11,10
5856,treatment,10,13
8165,treatment,15,26
855,control,14,8
4738,control,16,10
699,control,12,6
3697,control,9,9
1637,control,1,4
7281,treatment,6,5
7555,treatment,7,18
3582,control,23,30
1292,control,7,14
6586,treatment,10,9
1854,control,13,10
5233,treatment,8,8
3764,control,11,15
3305,control,21,20
1496,control,6,5
7995,treatment,10,7
1999,control,6,10
664,control,12,9
3749,control,6,5
4414,control,5,7
5531,treatment,9,11
5576,treatment,10,12
8902,treatment,4,2
7527,treatment,4,2
9475,treatment,5,6
5865,treatment,6,10
6777,treatment,5,9
1307,control,4,3
7393,treatment,5,6
5593,treatment,18,12
9722,treatment,9,6
1664,control,23,15
5451,treatment,7,12
9955,treatment,0,0
3628,control,6,11
2694,control,9,7
9790,treatment,7,16
5916,treatment,12,9
3158,control,9,9
6669,treatment,6,10
1060,control,11,9
4637,control,0,0
3243,control,11,8
1679,control,6,1
6893,treatment,6,3
6375,treatment,8,8
7575,treatment,14,12
1758,control,18,20
6020,treatment,11,13
5117,treatment,11,7
8756,treatment,6,7
7409,treatment,0,3
2791,control,21,11
864,control,8,9
7859,treatment,9,8
1485,control,17,11
7036,treatment,6,8
7722,treatment,10,13
5978,treatment,6,10
5135,treatment,6,7
207,control,10,6
4489,control,7,7
6939,treatment,12,14
9063,treatment,9,10
6911,treatment,8,14
503,control,7,5
7386,treatment,7,8
1029,control,9,9
3841,control,4,6
8111,treatment,14,5
5057,treatment,13,7
9763,treatment,12,9
8155,treatment,14,14
2732,control,10,6
8997,treatment,4,4
2455,control,10,3
7216,treatment,1,2
3105,control,8,9
8393,treatment,6,10
6279,treatment,16,10
3100,control,10,17
6185,treatment,20,7
3562,control,10,7
5893,treatment,16,21
392,control,7,10
6737,treatment,20,18
5619,treatment,17,8
5259,treatment,5,8
9688,treatment,1,3
2696,control,13,19
2028,control,0,0
5464,treatment,12,7
2569,control,3,4
8007,treatment,9,11
65,control,13,18
2063,control,13,5
5277,treatment,6,14
7209,treatment,10,5
8685,treatment,18,15
8572,treatment,9,16
6332,treatment,12,9
4860,control,12,3
4888,control,18,12
9269,treatment,4,9
879,control,7,12
8530,treatment,15,20
7917,treatment,8,10
6864,treatment,9,10
7893,treatment,8,10
6440,treatment,13,15
7870,treatment,10,15
1017,control,11,12
9468,treatment,4,6
7630,treatment,5,14
996,control,11,16
4298,control,6,9
162,control,10,8
5676,treatment,9,9
6874,treatment,7,10
9693,treatment,14,11
7990,treatment,11,11
3844,control,16,20
1022,control,9,14
3074,control,9,14
7556,treatment,3,11
3944,control,14,13
1586,control,2,1
3153,control,10,9
8227,treatment,9,18
776,control,20,11
9671,treatment,9,3
7100,treatment,10,9
5487,treatment,25,18
6236,treatment,5,7
9556,treatment,10,6
7042,treatment,17,13
2613,control,4,3
7514,treatment,12,10
8434,treatment,11,14
8793,treatment,9,16
5394,treatment,4,7
8839,treatment,3,5
3891,control,4,6
3557,control,9,11
1529,control,1,2
1268,control,10,12
7735,treatment,20,15
1900,control,6,9
4659,control,7,2
3006,control,11,8
2735,control,8,10
190,control,15,18
9168,treatment,6,7
2748,control,5,9
2048,control,9,13
7850,treatment,16,15
2559,control,10,23
9275,treatment,7,9
8667,treatment,7,5
6397,treatment,19,20
3386,control,14,15
4556,control,16,11
1185,control,15,19
6421,treatment,6,6
5052,treatment,13,16
5312,treatment,6,10
2434,control,14,9
6950,treatment,12,14
770,control,18,21
1686,control,8,11
8323,treatment,1,4
5579,treatment,8,7
4427,control,6,12
467,control,13,6
6266,treatment,3,6
5735,treatment,7,12
5192,treatment,11,21
5391,treatment,18,17
861,control,5,7
7271,treatment,10,16
